 % Angle 
 Bins.Inclination.ON_TABLET_ON_AIR.angle_0_360.Bins6.Uniform             =  [ -1.200000e+02 -6.000000e+01 1.421085e-14 60 120];
Bins.Inclination.ON_TABLET_ON_AIR.angle_0_360.Bins6.Percentils          =  [ -1.042050e+02 -5.457755e+01 5.733918e-01 3.677768e+01 7.966434e+01];
Bins.Inclination.ON_TABLET_ON_AIR.angle_0_360.Bins6.Quantification      =  [ -1.181632e+02 -4.760811e+01 1.453859e+01 6.090691e+01 1.209002e+02];
 % Angle Absolute Value 
 Bins.Inclination.ON_TABLET_ON_AIR.angle_0_180.Bins6.Uniform             =  [ 3.000000e+01 60 90 120 150];
Bins.Inclination.ON_TABLET_ON_AIR.angle_0_180.Bins6.Percentils          =  [ 2.312096e+01 4.893025e+01 7.534887e+01 9.540046e+01 1.484165e+02];
Bins.Inclination.ON_TABLET_ON_AIR.angle_0_180.Bins6.Quantification      =  [ 2.419823e+01 5.112057e+01 7.828458e+01 1.108612e+02 1.496254e+02];
 % Angle Absolute Value 
 Bins.Inclination.ON_TABLET_ON_AIR.angle_0_90.Bins6.Uniform             =  [ 15 30 45 60 75];
Bins.Inclination.ON_TABLET_ON_AIR.angle_0_90.Bins6.Percentils          =  [ 9.178634e+00 2.584562e+01 4.395105e+01 6.217718e+01 7.936069e+01];
Bins.Inclination.ON_TABLET_ON_AIR.angle_0_90.Bins6.Quantification      =  [ 1.224371e+01 2.834778e+01 4.479414e+01 6.124657e+01 7.744532e+01];
