 % Unidimensional 
 Bins.Azimuth.ON_TABLET_ON_AIR.Bins5.Uniform             =  [ 7.180000e+01 1.436000e+02 2.154000e+02 2.872000e+02];
Bins.Azimuth.ON_TABLET_ON_AIR.Bins5.Percentils          =  [ 131 147 160 171];
Bins.Azimuth.ON_TABLET_ON_AIR.Bins5.Quantification      =  [ 7.550000e+01 1.465000e+02 2.065000e+02 2.855000e+02];
