 % X 
 Bins.Acceleration.ON_AIR.X.Bins4.Uniform             =  [ -1.780750e+05 -6.666667e+01 1.779417e+05];
Bins.Acceleration.ON_AIR.X.Bins4.Percentils          =  [ -5.238095e+01 0 3.333333e+01];
Bins.Acceleration.ON_AIR.X.Bins4.Quantification      =  [ -2.383214e+04 1.392619e+04 9.282500e+04];
% Y 
 Bins.Acceleration.ON_AIR.Y.Bins4.Uniform             =  [ -1.077645e+05 7.432031e+03 1.226285e+05];
Bins.Acceleration.ON_AIR.Y.Bins4.Percentils          =  [ -3.809524e+01 0 3.125000e+01];
Bins.Acceleration.ON_AIR.Y.Bins4.Quantification      =  [ -3.239583e+04 -5.730357e+03 1.302857e+04];
% Abs X 
 Bins.Acceleration.ON_AIR.absX.Bins4.Uniform          =  [ 8.902083e+04 1.780417e+05 2.670625e+05];
Bins.Acceleration.ON_AIR.absX.Bins4.Percentils       =  [ 9.523810e+00 4.285714e+01 1.202381e+02];
Bins.Acceleration.ON_AIR.absX.Bins4.Quantification   =  [ 6.496429e+03 2.793631e+04 1.032333e+05];
% Abs Y 
 Bins.Acceleration.ON_AIR.absY.Bins4.Uniform          =  [ 5.945625e+04 1.189125e+05 1.783688e+05];
Bins.Acceleration.ON_AIR.absY.Bins4.Percentils       =  [ 8.333333e+00 3.452381e+01 9.642857e+01];
Bins.Acceleration.ON_AIR.absY.Bins4.Quantification   =  [ 4.395833e+03 2.088132e+04 7.847619e+04];
% L2 
 Bins.Acceleration.ON_AIR.L2.Bins4.Uniform            =  [ 9.530986e+04 1.906197e+05 2.859296e+05];
Bins.Acceleration.ON_AIR.L2.Bins4.Percentils         =  [ 3.049107e+01 8.333333e+01 1.840778e+02];
Bins.Acceleration.ON_AIR.L2.Bins4.Quantification     =  [ 7.589407e+03 3.184688e+04 1.144393e+05];
% L1 
 Bins.Acceleration.ON_AIR.L1.Bins4.Uniform            =  [ 1.230687e+05 2.461375e+05 3.692062e+05];
Bins.Acceleration.ON_AIR.L1.Bins4.Percentils         =  [ 3.690476e+01 1.011905e+02 2.250000e+02];
Bins.Acceleration.ON_AIR.L1.Bins4.Quantification     =  [ 9.812500e+03 4.062024e+04 1.352149e+05];
% Li 
 Bins.Acceleration.ON_AIR.Li.Bins4.Uniform            =  [ 8.902083e+04 1.780417e+05 2.670625e+05];
Bins.Acceleration.ON_AIR.Li.Bins4.Percentils         =  [ 2.857143e+01 7.619048e+01 1.690476e+02];
Bins.Acceleration.ON_AIR.Li.Bins4.Quantification     =  [ 6.350000e+03 2.730357e+04 1.032333e+05];
% Lin 
 Bins.Acceleration.ON_AIR.Lin.Bins4.Uniform           =  [ 4.030417e+04 8.060833e+04 1.209125e+05];
Bins.Acceleration.ON_AIR.Lin.Bins4.Percentils        =  [ 1.190476e+00 1.666667e+01 5.119048e+01];
Bins.Acceleration.ON_AIR.Lin.Bins4.Quantification    =  [ 3.595238e+03 1.746607e+04 6.034226e+04];
