 % Angle 
 Bins.Inclination.ON_TABLET.angle_0_360.Bins8.Uniform             =  [ -1.350000e+02 -9.000000e+01 -4.500000e+01 3.552714e-13 4.500000e+01 9.000000e+01 1.350000e+02];
Bins.Inclination.ON_TABLET.angle_0_360.Bins8.Percentils          =  [ -1.113917e+02 -9.001664e+01 -6.673253e+01 -6.542410e+00 2.275887e+01 4.852119e+01 7.993688e+01];
Bins.Inclination.ON_TABLET.angle_0_360.Bins8.Quantification      =  [ -1.090395e+02 -5.107450e+01 1.187449e+00 3.425326e+01 6.502624e+01 1.002602e+02 1.432285e+02];
 % Angle Absolute Value 
 Bins.Inclination.ON_TABLET.angle_0_180.Bins8.Uniform             =  [ 2.250000e+01 4.500000e+01 6.750000e+01 90 1.125000e+02 135 1.575000e+02];
Bins.Inclination.ON_TABLET.angle_0_180.Bins8.Percentils          =  [ 2.861221e+01 4.743007e+01 6.381947e+01 7.990041e+01 8.999990e+01 1.079377e+02 1.506423e+02];
Bins.Inclination.ON_TABLET.angle_0_180.Bins8.Quantification      =  [ 2.139935e+01 4.232097e+01 6.148175e+01 8.048236e+01 1.015567e+02 1.279104e+02 1.580472e+02];
 % Angle Absolute Value 
 Bins.Inclination.ON_TABLET.angle_0_90.Bins8.Uniform             =  [ 1.125000e+01 2.250000e+01 3.375000e+01 45 5.625000e+01 6.750000e+01 7.875000e+01];
Bins.Inclination.ON_TABLET.angle_0_90.Bins8.Percentils          =  [ 1.102361e+01 2.883577e+01 4.300814e+01 5.550698e+01 6.672875e+01 7.680039e+01 8.604497e+01];
Bins.Inclination.ON_TABLET.angle_0_90.Bins8.Quantification      =  [ 1.025149e+01 2.367551e+01 3.639092e+01 4.847728e+01 6.014255e+01 7.135363e+01 8.215133e+01];
