 % Unidimensional 
 Bins.Curvature_Window_Size_10.ON_AIR.angle_0_180.Bins9.Uniform             =  [ 20 40 60 80 100 120 140 160];
Bins.Curvature_Window_Size_10.ON_AIR.angle_0_180.Bins9.Percentils          =  [ 4.237138e-01 1.558379e+00 3.139754e+00 5.426420e+00 8.975768e+00 1.516370e+01 2.790432e+01 6.207152e+01];
Bins.Curvature_Window_Size_10.ON_AIR.angle_0_180.Bins9.Quantification      =  [ 6.104885e+00 1.582349e+01 2.910915e+01 4.618815e+01 6.715549e+01 9.163208e+01 1.193548e+02 1.494310e+02];
