 % X 
 Bins.Stroke_Lengths_PENUP_CRITERION.ON_AIR.X.Bins5.Uniform             =  [ 1.239690e+01 2.479380e+01 3.719070e+01 4.958760e+01];
Bins.Stroke_Lengths_PENUP_CRITERION.ON_AIR.X.Bins5.Percentils          =  [ 1.025000e-01 2.040000e-01 4.035000e-01 1.124000e+00];
Bins.Stroke_Lengths_PENUP_CRITERION.ON_AIR.X.Bins5.Quantification      =  [ 1.125250e+00 3.715500e+00 1.028025e+01 2.448275e+01];
% Y 
 Bins.Stroke_Lengths_PENUP_CRITERION.ON_AIR.Y.Bins5.Uniform             =  [ 1.270920e+01 2.541840e+01 3.812760e+01 5.083680e+01];
Bins.Stroke_Lengths_PENUP_CRITERION.ON_AIR.Y.Bins5.Percentils          =  [ 1.140000e-01 2.110000e-01 3.435000e-01 6.140000e-01];
Bins.Stroke_Lengths_PENUP_CRITERION.ON_AIR.Y.Bins5.Quantification      =  [ 1.172250e+00 3.378250e+00 7.739750e+00 2.291650e+01];
% Abs X 
 Bins.Stroke_Lengths_PENUP_CRITERION.ON_AIR.absX.Bins5.Uniform          =  [ 1.239690e+01 2.479380e+01 3.719070e+01 4.958760e+01];
Bins.Stroke_Lengths_PENUP_CRITERION.ON_AIR.absX.Bins5.Percentils       =  [ 1.025000e-01 2.040000e-01 4.035000e-01 1.124000e+00];
Bins.Stroke_Lengths_PENUP_CRITERION.ON_AIR.absX.Bins5.Quantification   =  [ 1.120250e+00 3.697500e+00 1.025525e+01 2.416300e+01];
% Abs Y 
 Bins.Stroke_Lengths_PENUP_CRITERION.ON_AIR.absY.Bins5.Uniform          =  [ 1.270920e+01 2.541840e+01 3.812760e+01 5.083680e+01];
Bins.Stroke_Lengths_PENUP_CRITERION.ON_AIR.absY.Bins5.Percentils       =  [ 1.140000e-01 2.110000e-01 3.435000e-01 6.140000e-01];
Bins.Stroke_Lengths_PENUP_CRITERION.ON_AIR.absY.Bins5.Quantification   =  [ 1.031750e+00 2.940250e+00 6.478500e+00 1.695475e+01];
% L2 
 Bins.Stroke_Lengths_PENUP_CRITERION.ON_AIR.L2.Bins5.Uniform            =  [ 1.397797e+01 2.795594e+01 4.193391e+01 5.591188e+01];
Bins.Stroke_Lengths_PENUP_CRITERION.ON_AIR.L2.Bins5.Percentils         =  [ 2.028550e-01 3.399538e-01 5.635644e-01 1.318089e+00];
Bins.Stroke_Lengths_PENUP_CRITERION.ON_AIR.L2.Bins5.Quantification     =  [ 1.369478e+00 4.348447e+00 1.100943e+01 2.712787e+01];
% L1 
 Bins.Stroke_Lengths_PENUP_CRITERION.ON_AIR.L1.Bins5.Uniform            =  [ 1.976750e+01 3.953500e+01 5.930250e+01 7.907000e+01];
Bins.Stroke_Lengths_PENUP_CRITERION.ON_AIR.L1.Bins5.Percentils         =  [ 2.650000e-01 4.440000e-01 7.435000e-01 1.718500e+00];
Bins.Stroke_Lengths_PENUP_CRITERION.ON_AIR.L1.Bins5.Quantification     =  [ 1.723750e+00 5.455500e+00 1.337550e+01 3.288975e+01];
% Li 
 Bins.Stroke_Lengths_PENUP_CRITERION.ON_AIR.Li.Bins5.Uniform            =  [ 1.270920e+01 2.541840e+01 3.812760e+01 5.083680e+01];
Bins.Stroke_Lengths_PENUP_CRITERION.ON_AIR.Li.Bins5.Percentils         =  [ 1.760000e-01 2.985000e-01 4.935000e-01 1.170500e+00];
Bins.Stroke_Lengths_PENUP_CRITERION.ON_AIR.Li.Bins5.Quantification     =  [ 1.227750e+00 3.894000e+00 1.041250e+01 2.562300e+01];
% Lin 
 Bins.Stroke_Lengths_PENUP_CRITERION.ON_AIR.Lin.Bins5.Uniform           =  [ 9.826200e+00 1.965240e+01 2.947860e+01 3.930480e+01];
Bins.Stroke_Lengths_PENUP_CRITERION.ON_AIR.Lin.Bins5.Percentils        =  [ 7.300000e-02 1.380000e-01 2.450000e-01 5.410000e-01];
Bins.Stroke_Lengths_PENUP_CRITERION.ON_AIR.Lin.Bins5.Quantification    =  [ 1.119000e+00 3.397000e+00 8.807000e+00 3.813950e+01];
