 % Unidimensional 
 Bins.Azimuth.ON_AIR.Bins4.Uniform             =  [ 8.975000e+01 1.795000e+02 2.692500e+02];
Bins.Azimuth.ON_AIR.Bins4.Percentils          =  [ 132 153 169];
Bins.Azimuth.ON_AIR.Bins4.Quantification      =  [ 7.250000e+01 1.455000e+02 2.305000e+02];
