 % Angle 
 Bins.Inclination.ON_TABLET.angle_0_360.Bins6.Uniform             =  [ -1.200000e+02 -6.000000e+01 3.552714e-13 6.000000e+01 1.200000e+02];
Bins.Inclination.ON_TABLET.angle_0_360.Bins6.Percentils          =  [ -1.019761e+02 -7.772987e+01 -6.542410e+00 3.230292e+01 6.732514e+01];
Bins.Inclination.ON_TABLET.angle_0_360.Bins6.Quantification      =  [ -1.130276e+02 -6.415594e+01 -1.102580e+01 4.278227e+01 1.090732e+02];
 % Angle Absolute Value 
 Bins.Inclination.ON_TABLET.angle_0_180.Bins6.Uniform             =  [ 3.000000e+01 6.000000e+01 9.000000e+01 120 150];
Bins.Inclination.ON_TABLET.angle_0_180.Bins6.Percentils          =  [ 3.549137e+01 5.846848e+01 7.990041e+01 9.280623e+01 1.330494e+02];
Bins.Inclination.ON_TABLET.angle_0_180.Bins6.Quantification      =  [ 3.559320e+01 6.769289e+01 9.545857e+01 1.233268e+02 1.557617e+02];
 % Angle Absolute Value 
 Bins.Inclination.ON_TABLET.angle_0_90.Bins6.Uniform             =  [ 15 30 45 60 75];
Bins.Inclination.ON_TABLET.angle_0_90.Bins6.Percentils          =  [ 1.742050e+01 3.853298e+01 5.550698e+01 7.019704e+01 8.305161e+01];
Bins.Inclination.ON_TABLET.angle_0_90.Bins6.Quantification      =  [ 1.419674e+01 3.186675e+01 4.826470e+01 6.385433e+01 7.875835e+01];
