 % Unidimensional 
 Bins.Horizontal_ConvexHull_Spacing.Bins5.Uniform             =  [ -4.302857e-01 9.705617e-01 2.371409e+00 3.772256e+00];
Bins.Horizontal_ConvexHull_Spacing.Bins5.Percentils          =  [ 3.442714e-02 1.093744e-01 1.604861e-01 2.249039e-01];
Bins.Horizontal_ConvexHull_Spacing.Bins5.Quantification      =  [ -6.565487e-02 1.469740e-01 4.624601e-01 1.240253e+00];
