 % Unidimensional 
 Bins.Stroke_Time_Durations_VY_CRITERION.ON_TABLET.Bins5.Uniform             =  [ 1.256600e+00 2.513200e+00 3.769800e+00 5.026400e+00];
Bins.Stroke_Time_Durations_VY_CRITERION.ON_TABLET.Bins5.Percentils          =  [ 4.500000e-02 7.500000e-02 9.700000e-02 1.200000e-01];
Bins.Stroke_Time_Durations_VY_CRITERION.ON_TABLET.Bins5.Quantification      =  [ 5.650000e-02 1.115000e-01 2.175000e-01 1.052500e+00];
