 % Angle 
 Bins.Inclination.ON_TABLET_ON_AIR.angle_0_360.Bins7.Uniform             =  [ -1.285714e+02 -7.714286e+01 -2.571429e+01 2.571429e+01 7.714286e+01 1.285714e+02];
Bins.Inclination.ON_TABLET_ON_AIR.angle_0_360.Bins7.Percentils          =  [ -1.123670e+02 -7.675111e+01 -8.233726e+00 1.606082e+01 4.689741e+01 8.789399e+01];
Bins.Inclination.ON_TABLET_ON_AIR.angle_0_360.Bins7.Quantification      =  [ -1.193172e+02 -5.165561e+01 2.614517e+00 3.678054e+01 7.330369e+01 1.264150e+02];
 % Angle Absolute Value 
 Bins.Inclination.ON_TABLET_ON_AIR.angle_0_180.Bins7.Uniform             =  [ 2.571429e+01 5.142857e+01 7.714286e+01 1.028571e+02 1.285714e+02 1.542857e+02];
Bins.Inclination.ON_TABLET_ON_AIR.angle_0_180.Bins7.Percentils          =  [ 1.936349e+01 4.167306e+01 6.371021e+01 8.706466e+01 1.065830e+02 1.563218e+02];
Bins.Inclination.ON_TABLET_ON_AIR.angle_0_180.Bins7.Quantification      =  [ 1.894208e+01 4.056298e+01 6.206510e+01 8.395678e+01 1.135093e+02 1.510756e+02];
 % Angle Absolute Value 
 Bins.Inclination.ON_TABLET_ON_AIR.angle_0_90.Bins7.Uniform             =  [ 1.285714e+01 2.571429e+01 3.857143e+01 5.142857e+01 6.428571e+01 7.714286e+01];
Bins.Inclination.ON_TABLET_ON_AIR.angle_0_90.Bins7.Percentils          =  [ 6.999926e+00 2.088223e+01 3.618021e+01 5.180293e+01 6.724079e+01 8.167613e+01];
Bins.Inclination.ON_TABLET_ON_AIR.angle_0_90.Bins7.Quantification      =  [ 1.025063e+01 2.393052e+01 3.787086e+01 5.188923e+01 6.585179e+01 7.956161e+01];
