 % Unidimensional 
 Bins.Pressure.ON_TABLET.Bins5.Uniform             =  [ 2.005859e-01 4.001953e-01 5.998047e-01 7.994141e-01];
Bins.Pressure.ON_TABLET.Bins5.Percentils          =  [ 2.988281e-01 3.925781e-01 4.697266e-01 5.546875e-01];
Bins.Pressure.ON_TABLET.Bins5.Quantification      =  [ 2.221680e-01 3.647461e-01 4.829102e-01 6.166992e-01];
