 % Unidimensional 
 Bins.Horizontal_MedianLine_Spacing.Bins5.Uniform             =  [ -7.554092e-01 1.688426e-01 1.093094e+00 2.017346e+00];
Bins.Horizontal_MedianLine_Spacing.Bins5.Percentils          =  [ 1.389444e-01 1.960965e-01 2.519074e-01 3.446280e-01];
Bins.Horizontal_MedianLine_Spacing.Bins5.Quantification      =  [ 8.986929e-02 2.435855e-01 4.194979e-01 7.458577e-01];
