 % Unidimensional 
 Bins.Curvature_Window_Size_10.ON_TABLET.angle_0_180.Bins8.Uniform             =  [ 2.250000e+01 45 6.750000e+01 90 1.125000e+02 135 1.575000e+02];
Bins.Curvature_Window_Size_10.ON_TABLET.angle_0_180.Bins8.Percentils          =  [ 3.347409e+00 8.960115e+00 1.752974e+01 2.959448e+01 4.583874e+01 6.770576e+01 1.012265e+02];
Bins.Curvature_Window_Size_10.ON_TABLET.angle_0_180.Bins8.Quantification      =  [ 1.247088e+01 2.868284e+01 4.712957e+01 6.752933e+01 9.031029e+01 1.168250e+02 1.478267e+02];
