 % X 
 Bins.Jerk.ON_TABLET.X.Bins5.Uniform             =  [ -1.532568e+05 -7.215986e+04 8.937075e+03 9.003401e+04];
Bins.Jerk.ON_TABLET.X.Bins5.Percentils          =  [ -8.163265e+03 -1.190476e+03 2.040816e+03 8.035714e+03];
Bins.Jerk.ON_TABLET.X.Bins5.Quantification      =  [ -2.120536e+04 -6.356957e+03 4.115513e+03 1.632454e+04];
% Y 
 Bins.Jerk.ON_TABLET.Y.Bins5.Uniform             =  [ -1.676531e+05 -8.224490e+04 3.163265e+03 8.857143e+04];
Bins.Jerk.ON_TABLET.Y.Bins5.Percentils          =  [ -1.020408e+04 -2.380952e+03 2.380952e+03 1.054422e+04];
Bins.Jerk.ON_TABLET.Y.Bins5.Quantification      =  [ -1.456008e+04 3.952753e+02 1.310919e+04 3.266303e+04];
% Abs X 
 Bins.Jerk.ON_TABLET.absX.Bins5.Uniform          =  [ 4.687075e+04 9.374150e+04 1.406122e+05 1.874830e+05];
Bins.Jerk.ON_TABLET.absX.Bins5.Percentils       =  [ 1.488095e+03 4.464286e+03 8.163265e+03 1.411565e+04];
Bins.Jerk.ON_TABLET.absX.Bins5.Quantification   =  [ 4.385231e+03 1.070033e+04 1.950800e+04 3.400364e+04];
% Abs Y 
 Bins.Jerk.ON_TABLET.absY.Bins5.Uniform          =  [ 5.061224e+04 1.012245e+05 1.518367e+05 2.024490e+05];
Bins.Jerk.ON_TABLET.absY.Bins5.Percentils       =  [ 2.380952e+03 5.952381e+03 1.041667e+04 1.751701e+04];
Bins.Jerk.ON_TABLET.absY.Bins5.Quantification   =  [ 6.356957e+03 1.450428e+04 2.526507e+04 4.328962e+04];
% L2 
 Bins.Jerk.ON_TABLET.L2.Bins5.Uniform            =  [ 5.067822e+04 1.013564e+05 1.520347e+05 2.027129e+05];
Bins.Jerk.ON_TABLET.L2.Bins5.Percentils         =  [ 5.487824e+03 1.011905e+04 1.537570e+04 2.346816e+04];
Bins.Jerk.ON_TABLET.L2.Bins5.Quantification     =  [ 8.849349e+03 1.796133e+04 2.951963e+04 4.792414e+04];
% L1 
 Bins.Jerk.ON_TABLET.L1.Bins5.Uniform            =  [ 6.279762e+04 1.255952e+05 1.883929e+05 2.511905e+05];
Bins.Jerk.ON_TABLET.L1.Bins5.Percentils         =  [ 6.802721e+03 1.275510e+04 1.955782e+04 2.993197e+04];
Bins.Jerk.ON_TABLET.L1.Bins5.Quantification     =  [ 1.135636e+04 2.321894e+04 3.811384e+04 6.112816e+04];
% Li 
 Bins.Jerk.ON_TABLET.Li.Bins5.Uniform            =  [ 5.061224e+04 1.012245e+05 1.518367e+05 2.024490e+05];
Bins.Jerk.ON_TABLET.Li.Bins5.Percentils         =  [ 4.931973e+03 9.013605e+03 1.369048e+04 2.108844e+04];
Bins.Jerk.ON_TABLET.Li.Bins5.Quantification     =  [ 8.506723e+03 1.727586e+04 2.859468e+04 4.718192e+04];
% Lin 
 Bins.Jerk.ON_TABLET.Lin.Bins5.Uniform           =  [ 2.969388e+04 5.938776e+04 8.908163e+04 1.187755e+05];
Bins.Jerk.ON_TABLET.Lin.Bins5.Percentils        =  [ 6.802721e+02 2.678571e+03 5.272109e+03 9.523810e+03];
Bins.Jerk.ON_TABLET.Lin.Bins5.Quantification    =  [ 3.603981e+03 8.506723e+03 1.470889e+04 2.417490e+04];
