 % Unidimensional 
 Bins.Azimuth.ON_TABLET.Bins5.Uniform             =  [ 7.180000e+01 1.436000e+02 2.154000e+02 2.872000e+02];
Bins.Azimuth.ON_TABLET.Bins5.Percentils          =  [ 135 149 161 171];
Bins.Azimuth.ON_TABLET.Bins5.Quantification      =  [ 7.750000e+01 1.345000e+02 1.585000e+02 253];
