 % Angle 
 Bins.Inclination.ON_TABLET.angle_0_360.Bins5.Uniform             =  [ -1.080000e+02 -3.600000e+01 3.600000e+01 1.080000e+02];
Bins.Inclination.ON_TABLET.angle_0_360.Bins5.Percentils          =  [ -9.508569e+01 -5.730253e+01 1.564961e+01 5.906344e+01];
Bins.Inclination.ON_TABLET.angle_0_360.Bins5.Quantification      =  [ -6.211860e+01 6.803149e+00 5.666679e+01 1.162612e+02];
 % Angle Absolute Value 
 Bins.Inclination.ON_TABLET.angle_0_180.Bins5.Uniform             =  [ 3.600000e+01 72 108 144];
Bins.Inclination.ON_TABLET.angle_0_180.Bins5.Percentils          =  [ 4.045526e+01 6.697043e+01 8.980100e+01 1.209780e+02];
Bins.Inclination.ON_TABLET.angle_0_180.Bins5.Quantification      =  [ 3.745426e+01 7.099660e+01 1.047465e+02 1.453967e+02];
 % Angle Absolute Value 
 Bins.Inclination.ON_TABLET.angle_0_90.Bins5.Uniform             =  [ 18 36 54 72];
Bins.Inclination.ON_TABLET.angle_0_90.Bins5.Percentils          =  [ 2.223997e+01 4.560993e+01 6.459007e+01 8.058568e+01];
Bins.Inclination.ON_TABLET.angle_0_90.Bins5.Quantification      =  [ 1.737152e+01 3.838484e+01 5.774514e+01 7.600925e+01];
