 % X 
 Bins.Acceleration.ON_TABLET.X.Bins4.Uniform             =  [ -6.931548e+02 -7.738095e+00 6.776786e+02];
Bins.Acceleration.ON_TABLET.X.Bins4.Percentils          =  [ -2.976190e+01 0 3.690476e+01];
Bins.Acceleration.ON_TABLET.X.Bins4.Quantification      =  [ -1.113095e+02 -1.913950e+01 8.154762e+01];
% Y 
 Bins.Acceleration.ON_TABLET.Y.Bins4.Uniform             =  [ -7.184524e+02 -7.261905e+01 5.732143e+02];
Bins.Acceleration.ON_TABLET.Y.Bins4.Percentils          =  [ -4.523810e+01 0 4.761905e+01];
Bins.Acceleration.ON_TABLET.Y.Bins4.Quantification      =  [ -1.480283e+02 -2.916667e+01 8.511905e+01];
% Abs X 
 Bins.Acceleration.ON_TABLET.absX.Bins4.Uniform          =  [ 3.446429e+02 6.892857e+02 1.033929e+03];
Bins.Acceleration.ON_TABLET.absX.Bins4.Percentils       =  [ 9.523810e+00 3.333333e+01 7.500000e+01];
Bins.Acceleration.ON_TABLET.absX.Bins4.Quantification   =  [ 4.299557e+01 1.096960e+02 2.148810e+02];
% Abs Y 
 Bins.Acceleration.ON_TABLET.absY.Bins4.Uniform          =  [ 3.410714e+02 6.821429e+02 1.023214e+03];
Bins.Acceleration.ON_TABLET.absY.Bins4.Percentils       =  [ 1.547619e+01 4.642857e+01 9.642857e+01];
Bins.Acceleration.ON_TABLET.absY.Bins4.Quantification   =  [ 5.178571e+01 1.279762e+02 2.446429e+02];
% L2 
 Bins.Acceleration.ON_TABLET.L2.Bins4.Uniform            =  [ 4.415167e+02 8.830335e+02 1.324550e+03];
Bins.Acceleration.ON_TABLET.L2.Bins4.Percentils         =  [ 3.796481e+01 7.832754e+01 1.364537e+02];
Bins.Acceleration.ON_TABLET.L2.Bins4.Quantification     =  [ 6.798754e+01 1.482153e+02 2.672785e+02];
% L1 
 Bins.Acceleration.ON_TABLET.L1.Bins4.Uniform            =  [ 6.223214e+02 1.244643e+03 1.866964e+03];
Bins.Acceleration.ON_TABLET.L1.Bins4.Percentils         =  [ 4.523810e+01 9.642857e+01 1.690476e+02];
Bins.Acceleration.ON_TABLET.L1.Bins4.Quantification     =  [ 8.472099e+01 1.863095e+02 3.351190e+02];
% Li 
 Bins.Acceleration.ON_TABLET.Li.Bins4.Uniform            =  [ 3.446429e+02 6.892857e+02 1.033929e+03];
Bins.Acceleration.ON_TABLET.Li.Bins4.Percentils         =  [ 3.452381e+01 7.142857e+01 1.250000e+02];
Bins.Acceleration.ON_TABLET.Li.Bins4.Quantification     =  [ 6.684873e+01 1.446429e+02 2.613095e+02];
% Lin 
 Bins.Acceleration.ON_TABLET.Lin.Bins4.Uniform           =  [ 2.857143e+02 5.714286e+02 8.571429e+02];
Bins.Acceleration.ON_TABLET.Lin.Bins4.Percentils        =  [ 2.380952e+00 1.785714e+01 4.404762e+01];
Bins.Acceleration.ON_TABLET.Lin.Bins4.Quantification    =  [ 2.541951e+01 6.845238e+01 1.339286e+02];
