 % Unidimensional 
 Bins.Curvature_Window_Size_10.ON_TABLET.angle_0_180.Bins9.Uniform             =  [ 20 40 60 80 100 120 140 160];
Bins.Curvature_Window_Size_10.ON_TABLET.angle_0_180.Bins9.Percentils          =  [ 2.871106e+00 7.483592e+00 1.430067e+01 2.374177e+01 3.627059e+01 5.234830e+01 7.367303e+01 1.068813e+02];
Bins.Curvature_Window_Size_10.ON_TABLET.angle_0_180.Bins9.Quantification      =  [ 1.072698e+01 2.451186e+01 4.019191e+01 5.746930e+01 7.640067e+01 9.771145e+01 1.225362e+02 1.509416e+02];
