 % Unidimensional 
 Bins.Stroke_Time_Durations_VX_CRITERION.ON_TABLET.Bins5.Uniform             =  [ 1.204200e+00 2.408400e+00 3.612600e+00 4.816800e+00];
Bins.Stroke_Time_Durations_VX_CRITERION.ON_TABLET.Bins5.Percentils          =  [ 4.500000e-02 6.800000e-02 9.700000e-02 1.350000e-01];
Bins.Stroke_Time_Durations_VX_CRITERION.ON_TABLET.Bins5.Quantification      =  [ 1.015000e-01 2.335000e-01 5.000000e-01 1.353500e+00];
