 % Angle 
 Bins.Inclination.ON_AIR.angle_0_360.Bins10.Uniform             =  [ -1.440000e+02 -1.080000e+02 -7.200000e+01 -3.600000e+01 1.421085e-14 36 72 108 144];
Bins.Inclination.ON_AIR.angle_0_360.Bins10.Percentils          =  [ -1.517404e+02 -9.375894e+01 -2.860009e+01 -1.246486e+00 7.372680e+00 2.492638e+01 4.976857e+01 8.487066e+01 1.345884e+02];
Bins.Inclination.ON_AIR.angle_0_360.Bins10.Quantification      =  [ -1.508815e+02 -1.131252e+02 -7.230778e+01 -3.492241e+01 -5.067728e+00 2.489760e+01 6.233531e+01 1.033369e+02 1.460584e+02];
 % Angle Absolute Value 
 Bins.Inclination.ON_AIR.angle_0_180.Bins10.Uniform             =  [ 1.800000e+01 36 54 72 90 108 126 144 162];
Bins.Inclination.ON_AIR.angle_0_180.Bins10.Percentils          =  [ 6.207864e+00 1.702758e+01 2.996218e+01 4.619033e+01 6.676704e+01 8.986150e+01 1.164855e+02 1.524155e+02 1.719384e+02];
Bins.Inclination.ON_AIR.angle_0_180.Bins10.Quantification      =  [ 1.168016e+01 2.692357e+01 4.341750e+01 6.115266e+01 8.021594e+01 1.014805e+02 1.247721e+02 1.472789e+02 1.667181e+02];
 % Angle Absolute Value 
 Bins.Inclination.ON_AIR.angle_0_90.Bins10.Uniform             =  [ 9 18 27 36 45 54 63 72 81];
Bins.Inclination.ON_AIR.angle_0_90.Bins10.Percentils          =  [ 1.600336e+00 6.950525e+00 1.340962e+01 2.055136e+01 2.912499e+01 3.944634e+01 5.157245e+01 6.554541e+01 8.082742e+01];
Bins.Inclination.ON_AIR.angle_0_90.Bins10.Quantification      =  [ 5.914225e+00 1.412144e+01 2.264998e+01 3.167859e+01 4.117832e+01 5.104407e+01 6.123916e+01 7.164650e+01 8.209825e+01];
