 % X 
 Bins.Speed.ON_TABLET.X.Bins4.Uniform             =  [ -1.105357e+01 7.535714e+00 2.612500e+01];
Bins.Speed.ON_TABLET.X.Bins4.Percentils          =  [ -1.250000e-01 2.500000e-01 1.714286e+00];
Bins.Speed.ON_TABLET.X.Bins4.Quantification      =  [ -1.388204e+00 9.929577e-01 3.531250e+00];
% Y 
 Bins.Speed.ON_TABLET.Y.Bins4.Uniform             =  [ -1.550000e+01 -3.214286e+00 9.071429e+00];
Bins.Speed.ON_TABLET.Y.Bins4.Percentils          =  [ -1.571429e+00 0 1.125000e+00];
Bins.Speed.ON_TABLET.Y.Bins4.Quantification      =  [ -4.665179e+00 -1.050647e+00 1.892045e+00];
% Abs X 
 Bins.Speed.ON_TABLET.absX.Bins4.Uniform          =  [ 1.117857e+01 2.235714e+01 3.353571e+01];
Bins.Speed.ON_TABLET.absX.Bins4.Percentils       =  [ 1.875000e-01 1.000000e+00 2.214286e+00];
Bins.Speed.ON_TABLET.absX.Bins4.Quantification   =  [ 1.107800e+00 2.825032e+00 5.531250e+00];
% Abs Y 
 Bins.Speed.ON_TABLET.absY.Bins4.Uniform          =  [ 6.946429e+00 1.389286e+01 2.083929e+01];
Bins.Speed.ON_TABLET.absY.Bins4.Percentils       =  [ 3.125000e-01 1.357143e+00 2.642857e+00];
Bins.Speed.ON_TABLET.absY.Bins4.Quantification   =  [ 1.332330e+00 3.401786e+00 6.665179e+00];
% L2 
 Bins.Speed.ON_TABLET.L2.Bins4.Uniform            =  [ 1.122008e+01 2.244017e+01 3.366025e+01];
Bins.Speed.ON_TABLET.L2.Bins4.Percentils         =  [ 1.125000e+00 2.275034e+00 3.714286e+00];
Bins.Speed.ON_TABLET.L2.Bins4.Quantification     =  [ 1.777133e+00 3.920166e+00 7.221117e+00];
% L1 
 Bins.Speed.ON_TABLET.L1.Bins4.Uniform            =  [ 1.214286e+01 2.428571e+01 3.642857e+01];
Bins.Speed.ON_TABLET.L1.Bins4.Percentils         =  [ 1.312500e+00 2.750000e+00 4.625000e+00];
Bins.Speed.ON_TABLET.L1.Bins4.Quantification     =  [ 2.098214e+00 4.767857e+00 8.834821e+00];
% Li 
 Bins.Speed.ON_TABLET.Li.Bins4.Uniform            =  [ 1.117857e+01 2.235714e+01 3.353571e+01];
Bins.Speed.ON_TABLET.Li.Bins4.Percentils         =  [ 1.062500e+00 2.071429e+00 3.357143e+00];
Bins.Speed.ON_TABLET.Li.Bins4.Quantification     =  [ 1.732143e+00 3.767857e+00 7.031250e+00];
% Lin 
 Bins.Speed.ON_TABLET.Lin.Bins4.Uniform           =  [ 4.017857e+00 8.035714e+00 1.205357e+01];
Bins.Speed.ON_TABLET.Lin.Bins4.Percentils        =  [ 0 5.000000e-01 1.312500e+00];
Bins.Speed.ON_TABLET.Lin.Bins4.Quantification    =  [ 6.455811e-01 1.732143e+00 3.334821e+00];
