 % Unidimensional 
 Bins.Pressure.ON_TABLET.Bins4.Uniform             =  [ 2.504883e-01 5.000000e-01 7.495117e-01];
Bins.Pressure.ON_TABLET.Bins4.Percentils          =  [ 3.271484e-01 4.316406e-01 5.302734e-01];
Bins.Pressure.ON_TABLET.Bins4.Quantification      =  [ 2.563477e-01 4.194336e-01 5.708008e-01];
