 % Angle 
 Bins.Inclination.ON_AIR.angle_0_360.Bins6.Uniform             =  [ -1.200000e+02 -6.000000e+01 1.421085e-14 60 120];
Bins.Inclination.ON_AIR.angle_0_360.Bins6.Percentils          =  [ -1.182856e+02 -1.644802e+01 7.372680e+00 4.051735e+01 9.066505e+01];
Bins.Inclination.ON_AIR.angle_0_360.Bins6.Quantification      =  [ -1.264972e+02 -5.979992e+01 -4.718787e+00 4.660746e+01 1.171083e+02];
 % Angle Absolute Value 
 Bins.Inclination.ON_AIR.angle_0_180.Bins6.Uniform             =  [ 3.000000e+01 60 90 120 150];
Bins.Inclination.ON_AIR.angle_0_180.Bins6.Percentils          =  [ 1.333568e+01 3.503134e+01 6.676704e+01 1.035101e+02 1.601207e+02];
Bins.Inclination.ON_AIR.angle_0_180.Bins6.Quantification      =  [ 2.068206e+01 4.685761e+01 7.670323e+01 1.134618e+02 1.522495e+02];
 % Angle Absolute Value 
 Bins.Inclination.ON_AIR.angle_0_90.Bins6.Uniform             =  [ 15 30 45 60 75];
Bins.Inclination.ON_AIR.angle_0_90.Bins6.Percentils          =  [ 4.888998e+00 1.567575e+01 2.912499e+01 4.730076e+01 7.053138e+01];
Bins.Inclination.ON_AIR.angle_0_90.Bins6.Quantification      =  [ 1.056422e+01 2.502073e+01 4.081332e+01 5.779254e+01 7.560709e+01];
