 % X 
 Bins.Jerk.ON_TABLET_ON_AIR.X.Bins4.Uniform             =  [ -5.277969e+07 -1.655521e+07 1.966927e+07];
Bins.Jerk.ON_TABLET_ON_AIR.X.Bins4.Percentils          =  [ -7.142857e+03 0 7.482993e+03];
Bins.Jerk.ON_TABLET_ON_AIR.X.Bins4.Quantification      =  [ -5.361310e+06 2.198980e+06 1.805918e+07];
% Y 
 Bins.Jerk.ON_TABLET_ON_AIR.Y.Bins4.Uniform             =  [ -3.330438e+07 -9.010516e+06 1.528335e+07];
Bins.Jerk.ON_TABLET_ON_AIR.Y.Bins4.Percentils          =  [ -8.333333e+03 0 8.333333e+03];
Bins.Jerk.ON_TABLET_ON_AIR.Y.Bins4.Quantification      =  [ -2.877634e+07 -2.711712e+06 2.404826e+06];
% Abs X 
 Bins.Jerk.ON_TABLET_ON_AIR.absX.Bins4.Uniform          =  [ 2.225104e+07 4.450208e+07 6.675312e+07];
Bins.Jerk.ON_TABLET_ON_AIR.absX.Bins4.Percentils       =  [ 2.380952e+03 7.361824e+03 1.615646e+04];
Bins.Jerk.ON_TABLET_ON_AIR.absX.Bins4.Quantification   =  [ 1.563244e+06 6.809269e+06 2.209396e+07];
% Abs Y 
 Bins.Jerk.ON_TABLET_ON_AIR.absY.Bins4.Uniform          =  [ 1.439956e+07 2.879912e+07 4.319868e+07];
Bins.Jerk.ON_TABLET_ON_AIR.absY.Bins4.Percentils       =  [ 2.976190e+03 8.333333e+03 1.717687e+04];
Bins.Jerk.ON_TABLET_ON_AIR.absY.Bins4.Quantification   =  [ 8.976190e+05 4.533929e+06 1.847976e+07];
% L2 
 Bins.Jerk.ON_TABLET_ON_AIR.L2.Bins4.Uniform            =  [ 2.382357e+07 4.764715e+07 7.147072e+07];
Bins.Jerk.ON_TABLET_ON_AIR.L2.Bins4.Percentils         =  [ 7.005120e+03 1.428881e+04 2.613631e+04];
Bins.Jerk.ON_TABLET_ON_AIR.L2.Bins4.Quantification     =  [ 1.891603e+06 9.057230e+06 3.022658e+07];
% L1 
 Bins.Jerk.ON_TABLET_ON_AIR.L1.Bins4.Uniform            =  [ 3.076302e+07 6.152604e+07 9.228906e+07];
Bins.Jerk.ON_TABLET_ON_AIR.L1.Bins4.Percentils         =  [ 8.630952e+03 1.799665e+04 3.316327e+04];
Bins.Jerk.ON_TABLET_ON_AIR.L1.Bins4.Quantification     =  [ 2.249150e+06 1.041458e+07 3.458997e+07];
% Li 
 Bins.Jerk.ON_TABLET_ON_AIR.Li.Bins4.Uniform            =  [ 2.225104e+07 4.450208e+07 6.675312e+07];
Bins.Jerk.ON_TABLET_ON_AIR.Li.Bins4.Percentils         =  [ 6.250000e+03 1.279762e+04 2.351190e+04];
Bins.Jerk.ON_TABLET_ON_AIR.Li.Bins4.Quantification     =  [ 1.899577e+06 9.624575e+06 3.329481e+07];
% Lin 
 Bins.Jerk.ON_TABLET_ON_AIR.Lin.Bins4.Uniform           =  [ 9.844417e+06 1.968883e+07 2.953325e+07];
Bins.Jerk.ON_TABLET_ON_AIR.Lin.Bins4.Percentils        =  [ 1.190476e+03 4.166667e+03 9.693878e+03];
Bins.Jerk.ON_TABLET_ON_AIR.Lin.Bins4.Quantification    =  [ 7.079082e+05 3.447258e+06 1.209879e+07];
