 % Unidimensional 
 Bins.Baseline_Grouping.Bins5.Uniform             =  [ 9.930437e-01 1.986087e+00 2.979131e+00 3.972175e+00];
Bins.Baseline_Grouping.Bins5.Percentils          =  [ 5.325004e-02 1.042500e-01 1.635053e-01 2.815789e-01];
Bins.Baseline_Grouping.Bins5.Quantification      =  [ 1.348266e-01 3.208072e-01 6.176002e-01 1.097484e+00];
