 % Unidimensional 
 Bins.Penup_Time.Bins4.Uniform             =  [ 1.419550e+01 2.837600e+01 4.255650e+01];
Bins.Penup_Time.Bins4.Percentils          =  [ 1.180000e-01 1.670000e-01 3.510000e-01];
Bins.Penup_Time.Bins4.Quantification      =  [ 1.290500e+00 5.971000e+00 2.160600e+01];
