 % X 
 Bins.Stroke_Lengths_VX_CRITERION.ON_TABLET_ON_AIR.X.Bins5.Uniform             =  [ 6.277600e+00 1.255520e+01 1.883280e+01 2.511040e+01];
Bins.Stroke_Lengths_VX_CRITERION.ON_TABLET_ON_AIR.X.Bins5.Percentils          =  [ 1.550000e-02 6.200000e-02 1.505000e-01 2.925000e-01];
Bins.Stroke_Lengths_VX_CRITERION.ON_TABLET_ON_AIR.X.Bins5.Quantification      =  [ 2.402500e-01 8.547500e-01 2.871000e+00 8.951500e+00];
% Y 
 Bins.Stroke_Lengths_VX_CRITERION.ON_TABLET_ON_AIR.Y.Bins5.Uniform             =  [ 2.275400e+00 4.550800e+00 6.826200e+00 9.101600e+00];
Bins.Stroke_Lengths_VX_CRITERION.ON_TABLET_ON_AIR.Y.Bins5.Percentils          =  [ 2.350000e-02 7.500000e-02 1.460000e-01 2.725000e-01];
Bins.Stroke_Lengths_VX_CRITERION.ON_TABLET_ON_AIR.Y.Bins5.Quantification      =  [ 1.587500e-01 4.327500e-01 1.003250e+00 2.340250e+00];
% Abs X 
 Bins.Stroke_Lengths_VX_CRITERION.ON_TABLET_ON_AIR.absX.Bins5.Uniform          =  [ 6.277600e+00 1.255520e+01 1.883280e+01 2.511040e+01];
Bins.Stroke_Lengths_VX_CRITERION.ON_TABLET_ON_AIR.absX.Bins5.Percentils       =  [ 1.550000e-02 6.200000e-02 1.505000e-01 2.925000e-01];
Bins.Stroke_Lengths_VX_CRITERION.ON_TABLET_ON_AIR.absX.Bins5.Quantification   =  [ 2.402500e-01 8.547500e-01 2.871000e+00 8.951500e+00];
% Abs Y 
 Bins.Stroke_Lengths_VX_CRITERION.ON_TABLET_ON_AIR.absY.Bins5.Uniform          =  [ 2.275400e+00 4.550800e+00 6.826200e+00 9.101600e+00];
Bins.Stroke_Lengths_VX_CRITERION.ON_TABLET_ON_AIR.absY.Bins5.Percentils       =  [ 2.350000e-02 7.500000e-02 1.460000e-01 2.725000e-01];
Bins.Stroke_Lengths_VX_CRITERION.ON_TABLET_ON_AIR.absY.Bins5.Quantification   =  [ 1.577500e-01 4.307500e-01 1.000250e+00 2.335750e+00];
% L2 
 Bins.Stroke_Lengths_VX_CRITERION.ON_TABLET_ON_AIR.L2.Bins5.Uniform            =  [ 6.331800e+00 1.266360e+01 1.899540e+01 2.532720e+01];
Bins.Stroke_Lengths_VX_CRITERION.ON_TABLET_ON_AIR.L2.Bins5.Percentils         =  [ 4.221670e-02 1.273451e-01 2.431178e-01 4.316811e-01];
Bins.Stroke_Lengths_VX_CRITERION.ON_TABLET_ON_AIR.L2.Bins5.Quantification     =  [ 2.983107e-01 8.778886e-01 2.587220e+00 8.723851e+00];
% L1 
 Bins.Stroke_Lengths_VX_CRITERION.ON_TABLET_ON_AIR.L1.Bins5.Uniform            =  [ 7.104300e+00 1.420860e+01 2.131290e+01 2.841720e+01];
Bins.Stroke_Lengths_VX_CRITERION.ON_TABLET_ON_AIR.L1.Bins5.Percentils         =  [ 5.250000e-02 1.640000e-01 3.200000e-01 5.710000e-01];
Bins.Stroke_Lengths_VX_CRITERION.ON_TABLET_ON_AIR.L1.Bins5.Quantification     =  [ 3.612500e-01 1.022250e+00 2.738750e+00 9.801500e+00];
% Li 
 Bins.Stroke_Lengths_VX_CRITERION.ON_TABLET_ON_AIR.Li.Bins5.Uniform            =  [ 6.277600e+00 1.255520e+01 1.883280e+01 2.511040e+01];
Bins.Stroke_Lengths_VX_CRITERION.ON_TABLET_ON_AIR.Li.Bins5.Percentils         =  [ 3.800000e-02 1.120000e-01 2.100000e-01 3.740000e-01];
Bins.Stroke_Lengths_VX_CRITERION.ON_TABLET_ON_AIR.Li.Bins5.Quantification     =  [ 2.902500e-01 8.917500e-01 2.846000e+00 8.883000e+00];
% Lin 
 Bins.Stroke_Lengths_VX_CRITERION.ON_TABLET_ON_AIR.Lin.Bins5.Uniform           =  [ 1.714300e+00 3.428600e+00 5.142900e+00 6.857200e+00];
Bins.Stroke_Lengths_VX_CRITERION.ON_TABLET_ON_AIR.Lin.Bins5.Percentils        =  [ 1.000000e-02 4.150000e-02 9.900000e-02 1.950000e-01];
Bins.Stroke_Lengths_VX_CRITERION.ON_TABLET_ON_AIR.Lin.Bins5.Quantification    =  [ 1.317500e-01 3.962500e-01 1.217250e+00 2.771750e+00];
