 % Unidimensional 
 Bins.Penup_Time.Bins5.Uniform             =  [ 1.135940e+01 2.270380e+01 3.404820e+01 4.539260e+01];
Bins.Penup_Time.Bins5.Percentils          =  [ 1.110000e-01 1.420000e-01 2.160000e-01 4.180000e-01];
Bins.Penup_Time.Bins5.Quantification      =  [ 1.015500e+00 3.470500e+00 1.003750e+01 2.924200e+01];
