 % X 
 Bins.Jerk.ON_AIR.X.Bins4.Uniform             =  [ -5.277969e+07 -1.655521e+07 1.966927e+07];
Bins.Jerk.ON_AIR.X.Bins4.Percentils          =  [ -9.183673e+03 0 1.054422e+04];
Bins.Jerk.ON_AIR.X.Bins4.Quantification      =  [ -5.446173e+06 2.119048e+06 1.681845e+07];
% Y 
 Bins.Jerk.ON_AIR.Y.Bins4.Uniform             =  [ -3.330438e+07 -9.010516e+06 1.528335e+07];
Bins.Jerk.ON_AIR.Y.Bins4.Percentils          =  [ -8.324033e+03 0 8.333333e+03];
Bins.Jerk.ON_AIR.Y.Bins4.Quantification      =  [ -3.033673e+06 1.338861e+06 9.634269e+06];
% Abs X 
 Bins.Jerk.ON_AIR.absX.Bins4.Uniform          =  [ 2.225104e+07 4.450208e+07 6.675312e+07];
Bins.Jerk.ON_AIR.absX.Bins4.Percentils       =  [ 2.827381e+03 9.821429e+03 2.351190e+04];
Bins.Jerk.ON_AIR.absX.Bins4.Quantification   =  [ 2.045387e+06 1.007908e+07 3.479736e+07];
% Abs Y 
 Bins.Jerk.ON_AIR.absY.Bins4.Uniform          =  [ 1.439956e+07 2.879912e+07 4.319868e+07];
Bins.Jerk.ON_AIR.absY.Bins4.Percentils       =  [ 2.380952e+03 8.333333e+03 1.904762e+04];
Bins.Jerk.ON_AIR.absY.Bins4.Quantification   =  [ 8.997449e+05 4.533929e+06 1.847976e+07];
% L2 
 Bins.Jerk.ON_AIR.L2.Bins4.Uniform            =  [ 2.382357e+07 4.764715e+07 7.147072e+07];
Bins.Jerk.ON_AIR.L2.Bins4.Percentils         =  [ 7.024062e+03 1.717013e+04 3.499354e+04];
Bins.Jerk.ON_AIR.L2.Bins4.Quantification     =  [ 1.866122e+06 8.858744e+06 2.937911e+07];
% L1 
 Bins.Jerk.ON_AIR.L1.Bins4.Uniform            =  [ 3.076302e+07 6.152604e+07 9.228906e+07];
Bins.Jerk.ON_AIR.L1.Bins4.Percentils         =  [ 8.503401e+03 2.142857e+04 4.404762e+04];
Bins.Jerk.ON_AIR.L1.Bins4.Quantification     =  [ 2.255357e+06 1.041458e+07 3.458997e+07];
% Li 
 Bins.Jerk.ON_AIR.Li.Bins4.Uniform            =  [ 2.225104e+07 4.450208e+07 6.675312e+07];
Bins.Jerk.ON_AIR.Li.Bins4.Percentils         =  [ 6.292517e+03 1.547619e+04 3.154762e+04];
Bins.Jerk.ON_AIR.Li.Bins4.Quantification     =  [ 1.718622e+06 7.882292e+06 2.619541e+07];
% Lin 
 Bins.Jerk.ON_AIR.Lin.Bins4.Uniform           =  [ 9.844417e+06 1.968883e+07 2.953325e+07];
Bins.Jerk.ON_AIR.Lin.Bins4.Percentils        =  [ 1.020408e+03 4.761905e+03 1.190476e+04];
Bins.Jerk.ON_AIR.Lin.Bins4.Quantification    =  [ 7.089286e+05 3.447258e+06 1.209879e+07];
