 % X 
 Bins.Acceleration.ON_AIR.X.Bins5.Uniform             =  [ -2.136767e+05 -7.127000e+04 7.113667e+04 2.135433e+05];
Bins.Acceleration.ON_AIR.X.Bins5.Percentils          =  [ -7.738095e+01 -1.071429e+01 1.190476e+00 5.357143e+01];
Bins.Acceleration.ON_AIR.X.Bins5.Quantification      =  [ -1.018464e+05 -1.505060e+04 1.392619e+04 9.282500e+04];
% Y 
 Bins.Acceleration.ON_AIR.Y.Bins5.Uniform             =  [ -1.308038e+05 -3.864656e+04 5.351063e+04 1.456678e+05];
Bins.Acceleration.ON_AIR.Y.Bins5.Percentils          =  [ -5.714286e+01 -5.952381e+00 2.380952e+00 4.761905e+01];
Bins.Acceleration.ON_AIR.Y.Bins5.Quantification      =  [ -1.385774e+04 5.285714e+03 2.770000e+04 1.874185e+05];
% Abs X 
 Bins.Acceleration.ON_AIR.absX.Bins5.Uniform          =  [ 7.121667e+04 1.424333e+05 2.136500e+05 2.848667e+05];
Bins.Acceleration.ON_AIR.absX.Bins5.Percentils       =  [ 5.952381e+00 2.619048e+01 6.547619e+01 1.500000e+02];
Bins.Acceleration.ON_AIR.absX.Bins5.Quantification   =  [ 5.303795e+03 2.230298e+04 5.907738e+04 1.412768e+05];
% Abs Y 
 Bins.Acceleration.ON_AIR.absY.Bins5.Uniform          =  [ 4.756500e+04 9.513000e+04 1.426950e+05 1.902600e+05];
Bins.Acceleration.ON_AIR.absY.Bins5.Percentils       =  [ 4.761905e+00 2.142857e+01 5.238095e+01 1.190476e+02];
Bins.Acceleration.ON_AIR.absY.Bins5.Quantification   =  [ 2.351190e+03 9.822024e+03 2.629583e+04 7.847619e+04];
% L2 
 Bins.Acceleration.ON_AIR.L2.Bins5.Uniform            =  [ 7.624789e+04 1.524958e+05 2.287437e+05 3.049916e+05];
Bins.Acceleration.ON_AIR.L2.Bins5.Percentils         =  [ 2.261905e+01 5.890151e+01 1.142857e+02 2.199902e+02];
Bins.Acceleration.ON_AIR.L2.Bins5.Quantification     =  [ 4.549575e+03 1.859217e+04 4.553014e+04 1.210669e+05];
% L1 
 Bins.Acceleration.ON_AIR.L1.Bins5.Uniform            =  [ 9.845500e+04 1.969100e+05 2.953650e+05 3.938200e+05];
Bins.Acceleration.ON_AIR.L1.Bins5.Percentils         =  [ 2.619048e+01 7.142857e+01 1.392857e+02 2.690476e+02];
Bins.Acceleration.ON_AIR.L1.Bins5.Quantification     =  [ 7.632143e+03 3.259643e+04 1.073935e+05 3.180078e+05];
% Li 
 Bins.Acceleration.ON_AIR.Li.Bins5.Uniform            =  [ 7.121667e+04 1.424333e+05 2.136500e+05 2.848667e+05];
Bins.Acceleration.ON_AIR.Li.Bins5.Percentils         =  [ 2.023810e+01 5.357143e+01 1.047619e+02 2.023810e+02];
Bins.Acceleration.ON_AIR.Li.Bins5.Quantification     =  [ 6.545833e+03 2.793095e+04 9.982857e+04 2.968875e+05];
% Lin 
 Bins.Acceleration.ON_AIR.Lin.Bins5.Uniform           =  [ 3.224333e+04 6.448667e+04 9.673000e+04 1.289733e+05];
Bins.Acceleration.ON_AIR.Lin.Bins5.Percentils        =  [ 0 9.523810e+00 2.619048e+01 6.547619e+01];
Bins.Acceleration.ON_AIR.Lin.Bins5.Quantification    =  [ 3.100595e+03 1.385833e+04 3.805833e+04 1.131917e+05];
