 % Angle 
 Bins.Inclination.ON_TABLET_ON_AIR.angle_0_360.Bins8.Uniform             =  [ -1.350000e+02 -9.000000e+01 -4.500000e+01 1.421085e-14 45 90 135];
Bins.Inclination.ON_TABLET_ON_AIR.angle_0_360.Bins8.Percentils          =  [ -1.188782e+02 -8.810651e+01 -2.969104e+01 5.733918e-01 2.784693e+01 5.517588e+01 8.999812e+01];
Bins.Inclination.ON_TABLET_ON_AIR.angle_0_360.Bins8.Quantification      =  [ -1.270843e+02 -7.782162e+01 -3.070234e+01 1.107193e+01 4.277157e+01 7.682187e+01 1.278669e+02];
 % Angle Absolute Value 
 Bins.Inclination.ON_TABLET_ON_AIR.angle_0_180.Bins8.Uniform             =  [ 2.250000e+01 45 6.750000e+01 90 1.125000e+02 135 1.575000e+02];
Bins.Inclination.ON_TABLET_ON_AIR.angle_0_180.Bins8.Percentils          =  [ 1.649685e+01 3.627477e+01 5.532126e+01 7.534887e+01 9.000000e+01 1.170240e+02 1.614462e+02];
Bins.Inclination.ON_TABLET_ON_AIR.angle_0_180.Bins8.Quantification      =  [ 1.775963e+01 3.826525e+01 5.869602e+01 7.956075e+01 1.029239e+02 1.308927e+02 1.596748e+02];
 % Angle Absolute Value 
 Bins.Inclination.ON_TABLET_ON_AIR.angle_0_90.Bins8.Uniform             =  [ 1.125000e+01 2.250000e+01 3.375000e+01 45 5.625000e+01 6.750000e+01 7.875000e+01];
Bins.Inclination.ON_TABLET_ON_AIR.angle_0_90.Bins8.Percentils          =  [ 5.404935e+00 1.725827e+01 3.034803e+01 4.395105e+01 5.766272e+01 7.095106e+01 8.337776e+01];
Bins.Inclination.ON_TABLET_ON_AIR.angle_0_90.Bins8.Quantification      =  [ 8.590988e+00 2.025222e+01 3.229532e+01 4.455904e+01 5.686216e+01 6.905463e+01 8.102067e+01];
