 % Unidimensional 
 Bins.Curvature_Window_Size_10.ON_TABLET_ON_AIR.angle_0_180.Bins10.Uniform             =  [ 18 36 54 72 90 108 126 144 162];
Bins.Curvature_Window_Size_10.ON_TABLET_ON_AIR.angle_0_180.Bins10.Percentils          =  [ 1.207584e+00 3.439299e+00 6.773546e+00 1.183032e+01 1.948232e+01 3.080959e+01 4.719055e+01 7.098472e+01 1.088581e+02];
Bins.Curvature_Window_Size_10.ON_TABLET_ON_AIR.angle_0_180.Bins10.Quantification      =  [ 7.908756e+00 1.912921e+01 3.267381e+01 4.809157e+01 6.518435e+01 8.389501e+01 1.049125e+02 1.287231e+02 1.543959e+02];
