 % X 
 Bins.Pressure_XY_Derivative.ON_TABLET.X.Bins5.Uniform             =  [ -4.726563e+02 -1.718750e+02 1.289062e+02 Bins.Pressure_XY_Derivative.ON_TABLET.X.Bins5.Percentils          =  [ -1.702724e+00 -4.087936e-01 1.085069e-01 1.085069e+00];
Bins.Pressure_XY_Derivative.ON_TABLET.X.Bins5.Quantification      =  [ -9.036458e+01 -1.668664e+01 1.588991e+01 8.642578e+01];
% Y 
 Bins.Pressure_XY_Derivative.ON_TABLET.Y.Bins5.Uniform             =  [ -4.968750e+02 -1.832031e+02 1.304687e+02 4.441406e+02];
Bins.Pressure_XY_Derivative.ON_TABLET.Y.Bins5.Percentils          =  [ -9.251645e-01 -1.890121e-01 1.921107e-01 1.302083e+00];
Bins.Pressure_XY_Derivative.ON_TABLET.Y.Bins5.Quantification      =  [ -1.704102e+02 -5.482701e+01 -9.983995e+00 4.676649e+01];
% Abs X 
 Bins.Pressure_XY_Derivative.ON_TABLET.absX.Bins5.Uniform          =  [ 1.546875e+02 3.093750e+02 4.640625e+02 6.187500e+02];
Bins.Pressure_XY_Derivative.ON_TABLET.absX.Bins5.Percentils       =  [ 2.520161e-01 6.510417e-01 1.395089e+00 3.728693e+00];
Bins.Pressure_XY_Derivative.ON_TABLET.absX.Bins5.Quantification   =  [ 9.917338e+00 3.733995e+01 9.622396e+01 2.260742e+02];
% Abs Y 
 Bins.Pressure_XY_Derivative.ON_TABLET.absY.Bins5.Uniform          =  [ 1.621094e+02 3.242188e+02 4.863281e+02 6.484375e+02];
Bins.Pressure_XY_Derivative.ON_TABLET.absY.Bins5.Percentils       =  [ 1.905488e-01 4.882812e-01 1.070205e+00 3.069196e+00];
Bins.Pressure_XY_Derivative.ON_TABLET.absY.Bins5.Quantification   =  [ 9.189871e+00 3.609525e+01 9.513346e+01 2.231445e+02];
% L2 
 Bins.Pressure_XY_Derivative.ON_TABLET.L2.Bins5.Uniform            =  [ 1.623119e+02 3.246238e+02 4.869357e+02 6.492475e+02];
Bins.Pressure_XY_Derivative.ON_TABLET.L2.Bins5.Percentils         =  [ 4.223443e-01 1.067571e+00 2.340919e+00 6.352732e+00];
Bins.Pressure_XY_Derivative.ON_TABLET.L2.Bins5.Quantification     =  [ 1.185049e+01 4.184220e+01 1.028332e+02 2.331680e+02];
% L1 
 Bins.Pressure_XY_Derivative.ON_TABLET.L1.Bins5.Uniform            =  [ 2.242188e+02 4.484375e+02 6.726563e+02 8.968750e+02];
Bins.Pressure_XY_Derivative.ON_TABLET.L1.Bins5.Percentils         =  [ 5.593040e-01 1.402244e+00 3.007812e+00 7.899785e+00];
Bins.Pressure_XY_Derivative.ON_TABLET.L1.Bins5.Quantification     =  [ 1.302783e+01 4.514632e+01 1.101919e+02 2.479142e+02];
% Li 
 Bins.Pressure_XY_Derivative.ON_TABLET.Li.Bins5.Uniform            =  [ 1.621094e+02 3.242188e+02 4.863281e+02 6.484375e+02];
Bins.Pressure_XY_Derivative.ON_TABLET.Li.Bins5.Percentils         =  [ 3.633721e-01 9.765625e-01 2.061632e+00 5.859375e+00];
Bins.Pressure_XY_Derivative.ON_TABLET.Li.Bins5.Quantification     =  [ 1.201320e+01 4.313891e+01 1.056315e+02 2.389323e+02];
% Lin 
 Bins.Pressure_XY_Derivative.ON_TABLET.Lin.Bins5.Uniform           =  [ 1.121094e+02 2.242187e+02 3.363281e+02 4.484375e+02];
Bins.Pressure_XY_Derivative.ON_TABLET.Lin.Bins5.Percentils        =  [ 1.502404e-01 3.662109e-01 7.390203e-01 1.708984e+00];
Bins.Pressure_XY_Derivative.ON_TABLET.Lin.Bins5.Quantification    =  [ 3.420055e+00 1.221271e+01 3.231337e+01 8.642578e+01];
