 % X 
 Bins.Jerk.ON_AIR.X.Bins5.Uniform             =  [ -6.002458e+07 -3.104500e+07 -2.065417e+06 2.691417e+07];
Bins.Jerk.ON_AIR.X.Bins5.Percentils          =  [ -1.309524e+04 -1.488095e+03 2.380952e+03 1.462585e+04];
Bins.Jerk.ON_AIR.X.Bins5.Quantification      =  [ -5.361310e+06 1.325149e+06 5.831760e+06 2.014753e+07];
% Y 
 Bins.Jerk.ON_AIR.Y.Bins5.Uniform             =  [ -3.816315e+07 -1.872806e+07 7.070297e+05 2.014212e+07];
Bins.Jerk.ON_AIR.Y.Bins5.Percentils          =  [ -1.173469e+04 -1.190476e+03 1.700680e+03 1.160714e+04];
Bins.Jerk.ON_AIR.Y.Bins5.Quantification      =  [ -2.877634e+07 -2.535821e+06 1.411820e+06 1.052917e+07];
% Abs X 
 Bins.Jerk.ON_AIR.absX.Bins5.Uniform          =  [ 1.780083e+07 3.560167e+07 5.340250e+07 7.120333e+07];
Bins.Jerk.ON_AIR.absX.Bins5.Percentils       =  [ 1.870748e+03 6.547619e+03 1.398810e+04 2.857143e+04];
Bins.Jerk.ON_AIR.absX.Bins5.Quantification   =  [ 1.376892e+06 5.734247e+06 1.672109e+07 4.499955e+07];
% Abs Y 
 Bins.Jerk.ON_AIR.absY.Bins5.Uniform          =  [ 1.151965e+07 2.303930e+07 3.455895e+07 4.607859e+07];
Bins.Jerk.ON_AIR.absY.Bins5.Percentils       =  [ 1.488095e+03 5.442177e+03 1.160714e+04 2.312925e+04];
Bins.Jerk.ON_AIR.absY.Bins5.Quantification   =  [ 6.433036e+05 2.809014e+06 8.208078e+06 2.565589e+07];
% L2 
 Bins.Jerk.ON_AIR.L2.Bins5.Uniform            =  [ 1.905886e+07 3.811772e+07 5.717658e+07 7.623543e+07];
Bins.Jerk.ON_AIR.L2.Bins5.Percentils         =  [ 5.313095e+03 1.266407e+04 2.273638e+04 4.117894e+04];
Bins.Jerk.ON_AIR.L2.Bins5.Quantification     =  [ 1.426372e+06 6.077091e+06 1.785425e+07 4.550459e+07];
% L1 
 Bins.Jerk.ON_AIR.L1.Bins5.Uniform            =  [ 2.461042e+07 4.922083e+07 7.383125e+07 9.844167e+07];
Bins.Jerk.ON_AIR.L1.Bins5.Percentils         =  [ 6.462585e+03 1.577381e+04 2.857143e+04 5.204082e+04];
Bins.Jerk.ON_AIR.L1.Bins5.Quantification     =  [ 1.900255e+06 8.390561e+06 2.658087e+07 8.409136e+07];
% Li 
 Bins.Jerk.ON_AIR.Li.Bins5.Uniform            =  [ 1.780083e+07 3.560167e+07 5.340250e+07 7.120333e+07];
Bins.Jerk.ON_AIR.Li.Bins5.Percentils         =  [ 4.761905e+03 1.139456e+04 2.040816e+04 3.724490e+04];
Bins.Jerk.ON_AIR.Li.Bins5.Quantification     =  [ 1.158163e+06 4.755187e+06 1.339056e+07 3.547755e+07];
% Lin 
 Bins.Jerk.ON_AIR.Lin.Bins5.Uniform           =  [ 7.875534e+06 1.575107e+07 2.362660e+07 3.150214e+07];
Bins.Jerk.ON_AIR.Lin.Bins5.Percentils        =  [ 3.627232e+02 2.734375e+03 6.972789e+03 1.445578e+04];
Bins.Jerk.ON_AIR.Lin.Bins5.Quantification    =  [ 4.342215e+05 1.861395e+06 5.223236e+06 1.463223e+07];
