 % Unidimensional 
 Bins.Curvature_Window_Size_10.ON_AIR.angle_0_180.Bins10.Uniform             =  [ 18 36 54 72 90 108 126 144 162];
Bins.Curvature_Window_Size_10.ON_AIR.angle_0_180.Bins10.Percentils          =  [ 3.298963e-01 1.300673e+00 2.605066e+00 4.403532e+00 6.979765e+00 1.100804e+01 1.798657e+01 3.207003e+01 6.846744e+01];
Bins.Curvature_Window_Size_10.ON_AIR.angle_0_180.Bins10.Quantification      =  [ 5.476581e+00 1.402496e+01 2.546440e+01 3.983966e+01 5.720581e+01 7.740347e+01 1.005158e+02 1.261761e+02 1.530597e+02];
