 % Unidimensional 
 Bins.Curvature_Window_Size_10.ON_AIR.angle_0_180.Bins5.Uniform             =  [ 36 72 108 144];
Bins.Curvature_Window_Size_10.ON_AIR.angle_0_180.Bins5.Percentils          =  [ 1.300673e+00 4.403532e+00 1.100804e+01 3.207003e+01];
Bins.Curvature_Window_Size_10.ON_AIR.angle_0_180.Bins5.Quantification      =  [ 1.394400e+01 3.941726e+01 7.652719e+01 1.252046e+02];
