 % Angle 
 Bins.Inclination.ON_AIR.angle_0_360.Bins9.Uniform             =  [ -1.400000e+02 -1.000000e+02 -6.000000e+01 -2.000000e+01 20 60 100 140];
Bins.Inclination.ON_AIR.angle_0_360.Bins9.Percentils          =  [ -1.471205e+02 -8.698721e+01 -1.644802e+01 2.504045e-01 1.660006e+01 4.051735e+01 7.589384e+01 1.259427e+02];
Bins.Inclination.ON_AIR.angle_0_360.Bins9.Quantification      =  [ -1.485331e+02 -1.073516e+02 -5.741422e+01 -1.283775e+01 2.217776e+01 6.051523e+01 1.023202e+02 1.455722e+02];
 % Angle Absolute Value 
 Bins.Inclination.ON_AIR.angle_0_180.Bins9.Uniform             =  [ 2.000000e+01 40 60 80 100 120 140 160];
Bins.Inclination.ON_AIR.angle_0_180.Bins9.Percentils          =  [ 7.404407e+00 1.960542e+01 3.503134e+01 5.463995e+01 8.102698e+01 1.035101e+02 1.461194e+02 1.701423e+02];
Bins.Inclination.ON_AIR.angle_0_180.Bins9.Quantification      =  [ 1.424804e+01 3.282352e+01 5.346928e+01 7.621615e+01 9.978914e+01 1.235164e+02 1.465258e+02 1.664139e+02];
 % Angle Absolute Value 
 Bins.Inclination.ON_AIR.angle_0_90.Bins9.Uniform             =  [ 10 20 30 40 50 60 70 80];
Bins.Inclination.ON_AIR.angle_0_90.Bins9.Percentils          =  [ 2.066920e+00 8.335394e+00 1.567575e+01 2.408282e+01 3.463929e+01 4.730076e+01 6.224146e+01 7.910292e+01];
Bins.Inclination.ON_AIR.angle_0_90.Bins9.Quantification      =  [ 6.608067e+00 1.574549e+01 2.539202e+01 3.568284e+01 4.650837e+01 5.775143e+01 6.930127e+01 8.101524e+01];
