 % Unidimensional 
 Bins.Horizontal_Penup_Spacing.Bins4.Uniform             =  [ -2.236250e+00 -1.325000e-01 1.971250e+00];
Bins.Horizontal_Penup_Spacing.Bins4.Percentils          =  [ 2.000000e-03 1.140000e-01 2.210000e-01];
Bins.Horizontal_Penup_Spacing.Bins4.Quantification      =  [ -5.660000e-01 -3.575000e-02 2.612500e-01];
