 % X 
 Bins.Acceleration.ON_TABLET_ON_AIR.X.Bins5.Uniform             =  [ -2.136767e+05 -7.127000e+04 7.113667e+04 2.135433e+05];
Bins.Acceleration.ON_TABLET_ON_AIR.X.Bins5.Percentils          =  [ -5.476190e+01 -5.952381e+00 6.493506e+00 5.357143e+01];
Bins.Acceleration.ON_TABLET_ON_AIR.X.Bins5.Quantification      =  [ -1.018464e+05 -2.671607e+04 -5.838690e+03 2.528571e+04];
% Y 
 Bins.Acceleration.ON_TABLET_ON_AIR.Y.Bins5.Uniform             =  [ -1.308038e+05 -3.864656e+04 5.351063e+04 1.456678e+05];
Bins.Acceleration.ON_TABLET_ON_AIR.Y.Bins5.Percentils          =  [ -6.190476e+01 -8.333333e+00 8.333333e+00 6.071429e+01];
Bins.Acceleration.ON_TABLET_ON_AIR.Y.Bins5.Quantification      =  [ -8.622917e+04 -2.221905e+04 -4.513095e+03 1.259345e+04];
% Abs X 
 Bins.Acceleration.ON_TABLET_ON_AIR.absX.Bins5.Uniform          =  [ 7.121667e+04 1.424333e+05 2.136500e+05 2.848667e+05];
Bins.Acceleration.ON_TABLET_ON_AIR.absX.Bins5.Percentils       =  [ 5.952381e+00 2.500000e+01 5.476190e+01 1.119048e+02];
Bins.Acceleration.ON_TABLET_ON_AIR.absX.Bins5.Quantification   =  [ 5.262500e+03 2.230298e+04 5.907738e+04 1.412768e+05];
% Abs Y 
 Bins.Acceleration.ON_TABLET_ON_AIR.absY.Bins5.Uniform          =  [ 4.756500e+04 9.513000e+04 1.426950e+05 1.902600e+05];
Bins.Acceleration.ON_TABLET_ON_AIR.absY.Bins5.Percentils       =  [ 8.333333e+00 2.857143e+01 6.190476e+01 1.190476e+02];
Bins.Acceleration.ON_TABLET_ON_AIR.absY.Bins5.Quantification   =  [ 5.660312e+02 5.870833e+03 2.386488e+04 9.257202e+04];
% L2 
 Bins.Acceleration.ON_TABLET_ON_AIR.L2.Bins5.Uniform            =  [ 7.624789e+04 1.524958e+05 2.287437e+05 3.049916e+05];
Bins.Acceleration.ON_TABLET_ON_AIR.L2.Bins5.Percentils         =  [ 2.829730e+01 6.285895e+01 1.063796e+02 1.803287e+02];
Bins.Acceleration.ON_TABLET_ON_AIR.L2.Bins5.Quantification     =  [ 8.309025e+02 9.309945e+03 3.366289e+04 1.106937e+05];
% L1 
 Bins.Acceleration.ON_TABLET_ON_AIR.L1.Bins5.Uniform            =  [ 9.845500e+04 1.969100e+05 2.953650e+05 3.938200e+05];
Bins.Acceleration.ON_TABLET_ON_AIR.L1.Bins5.Percentils         =  [ 3.333333e+01 7.619048e+01 1.309524e+02 2.226190e+02];
Bins.Acceleration.ON_TABLET_ON_AIR.L1.Bins5.Quantification     =  [ 1.091071e+03 1.170357e+04 4.207024e+04 1.352149e+05];
% Li 
 Bins.Acceleration.ON_TABLET_ON_AIR.Li.Bins5.Uniform            =  [ 7.121667e+04 1.424333e+05 2.136500e+05 2.848667e+05];
Bins.Acceleration.ON_TABLET_ON_AIR.Li.Bins5.Percentils         =  [ 2.500000e+01 5.714286e+01 9.761905e+01 1.654762e+02];
Bins.Acceleration.ON_TABLET_ON_AIR.Li.Bins5.Quantification     =  [ 7.494048e+02 8.689881e+03 3.128333e+04 1.076351e+05];
% Lin 
 Bins.Acceleration.ON_TABLET_ON_AIR.Lin.Bins5.Uniform           =  [ 3.224333e+04 6.448667e+04 9.673000e+04 1.289733e+05];
Bins.Acceleration.ON_TABLET_ON_AIR.Lin.Bins5.Percentils        =  [ 0 1.071429e+01 2.738095e+01 5.833333e+01];
Bins.Acceleration.ON_TABLET_ON_AIR.Lin.Bins5.Quantification    =  [ 6.330729e+02 5.304762e+03 1.993333e+04 6.034226e+04];
