 % Unidimensional 
 Bins.Altitude.ON_TABLET_ON_AIR.Bins5.Uniform             =  [ 3.560000e+01 4.920000e+01 6.280000e+01 7.640000e+01];
Bins.Altitude.ON_TABLET_ON_AIR.Bins5.Percentils          =  [ 47 52 56 63];
Bins.Altitude.ON_TABLET_ON_AIR.Bins5.Quantification      =  [ 4.450000e+01 5.450000e+01 6.350000e+01 7.750000e+01];
