 % Unidimensional 
 Bins.Upperline_Grouping.Bins5.Uniform             =  [ 9.451056e-01 1.890211e+00 2.835317e+00 3.780422e+00];
Bins.Upperline_Grouping.Bins5.Percentils          =  [ 3.255201e-02 9.004017e-02 1.747032e-01 3.350768e-01];
Bins.Upperline_Grouping.Bins5.Quantification      =  [ 1.410703e-01 3.663454e-01 6.935412e-01 1.234419e+00];
