 % Angle 
 Bins.Inclination.ON_AIR.angle_0_360.Bins5.Uniform             =  [ -1.080000e+02 -3.600000e+01 36 108];
Bins.Inclination.ON_AIR.angle_0_360.Bins5.Percentils          =  [ -9.375894e+01 -1.246486e+00 2.492638e+01 8.487066e+01];
Bins.Inclination.ON_AIR.angle_0_360.Bins5.Quantification      =  [ -1.172571e+02 -3.740799e+01 3.782200e+01 1.129140e+02];
 % Angle Absolute Value 
 Bins.Inclination.ON_AIR.angle_0_180.Bins5.Uniform             =  [ 36 72 108 144];
Bins.Inclination.ON_AIR.angle_0_180.Bins5.Percentils          =  [ 1.702758e+01 4.619033e+01 8.986150e+01 1.524155e+02];
Bins.Inclination.ON_AIR.angle_0_180.Bins5.Quantification      =  [ 2.897237e+01 6.621409e+01 1.081342e+02 1.496237e+02];
 % Angle Absolute Value 
 Bins.Inclination.ON_AIR.angle_0_90.Bins5.Uniform             =  [ 18 36 54 72];
Bins.Inclination.ON_AIR.angle_0_90.Bins5.Percentils          =  [ 6.950525e+00 2.055136e+01 3.944634e+01 6.554541e+01];
Bins.Inclination.ON_AIR.angle_0_90.Bins5.Quantification      =  [ 1.295166e+01 3.069583e+01 5.057897e+01 7.201487e+01];
