 % Unidimensional 
 Bins.Horizontal_Penup_Spacing.Bins5.Uniform             =  [ -2.657000e+00 -9.740000e-01 7.090000e-01 2.392000e+00];
Bins.Horizontal_Penup_Spacing.Bins5.Percentils          =  [ -3.345000e-02 7.450000e-02 1.535000e-01 2.495000e-01];
Bins.Horizontal_Penup_Spacing.Bins5.Quantification      =  [ -6.832500e-01 -1.277500e-01 1.562500e-01 5.032500e-01];
