 % Unidimensional 
 Bins.Curvature_Window_Size_10.ON_AIR.angle_0_180.Bins6.Uniform             =  [ 30 60 90 120 150];
Bins.Curvature_Window_Size_10.ON_AIR.angle_0_180.Bins6.Percentils          =  [ 9.440257e-01 3.139754e+00 6.979765e+00 1.516370e+01 4.016725e+01];
Bins.Curvature_Window_Size_10.ON_AIR.angle_0_180.Bins6.Quantification      =  [ 1.100969e+01 3.031673e+01 5.815471e+01 9.384148e+01 1.356663e+02];
