 % Unidimensional 
 Bins.Altitude.ON_AIR.Bins5.Uniform             =  [ 3.560000e+01 4.920000e+01 6.280000e+01 7.640000e+01];
Bins.Altitude.ON_AIR.Bins5.Percentils          =  [ 45 51 57 69];
Bins.Altitude.ON_AIR.Bins5.Quantification      =  [ 4.150000e+01 5.250000e+01 6.350000e+01 7.750000e+01];
