 % Unidimensional 
 Bins.Stroke_Time_Durations_VX_CRITERION.ON_AIR.Bins5.Uniform             =  [ 1.253600e+00 2.507200e+00 3.760800e+00 5.014400e+00];
Bins.Stroke_Time_Durations_VX_CRITERION.ON_AIR.Bins5.Percentils          =  [ 1.500000e-02 4.500000e-02 8.300000e-02 1.430000e-01];
Bins.Stroke_Time_Durations_VX_CRITERION.ON_AIR.Bins5.Quantification      =  [ 6.400000e-02 1.840000e-01 4.470000e-01 1.183500e+00];
