 % X 
 Bins.Stroke_Lengths_VY_CRITERION.ON_AIR.X.Bins5.Uniform             =  [ 4.584900e+00 9.169800e+00 1.375470e+01 1.833960e+01];
Bins.Stroke_Lengths_VY_CRITERION.ON_AIR.X.Bins5.Percentils          =  [ 2.250000e-02 7.200000e-02 1.550000e-01 3.455000e-01];
Bins.Stroke_Lengths_VY_CRITERION.ON_AIR.X.Bins5.Quantification      =  [ 4.157500e-01 1.511000e+00 5.441250e+00 1.063800e+01];
% Y 
 Bins.Stroke_Lengths_VY_CRITERION.ON_AIR.Y.Bins5.Uniform             =  [ 2.853900e+00 5.707800e+00 8.561700e+00 1.141560e+01];
Bins.Stroke_Lengths_VY_CRITERION.ON_AIR.Y.Bins5.Percentils          =  [ 1.250000e-02 4.800000e-02 1.225000e-01 2.675000e-01];
Bins.Stroke_Lengths_VY_CRITERION.ON_AIR.Y.Bins5.Quantification      =  [ 1.937500e-01 5.957500e-01 1.520750e+00 4.472500e+00];
% Abs X 
 Bins.Stroke_Lengths_VY_CRITERION.ON_AIR.absX.Bins5.Uniform          =  [ 4.584900e+00 9.169800e+00 1.375470e+01 1.833960e+01];
Bins.Stroke_Lengths_VY_CRITERION.ON_AIR.absX.Bins5.Percentils       =  [ 2.250000e-02 7.200000e-02 1.550000e-01 3.455000e-01];
Bins.Stroke_Lengths_VY_CRITERION.ON_AIR.absX.Bins5.Quantification   =  [ 4.157500e-01 1.511000e+00 5.441250e+00 1.063800e+01];
% Abs Y 
 Bins.Stroke_Lengths_VY_CRITERION.ON_AIR.absY.Bins5.Uniform          =  [ 2.853900e+00 5.707800e+00 8.561700e+00 1.141560e+01];
Bins.Stroke_Lengths_VY_CRITERION.ON_AIR.absY.Bins5.Percentils       =  [ 1.250000e-02 4.800000e-02 1.225000e-01 2.675000e-01];
Bins.Stroke_Lengths_VY_CRITERION.ON_AIR.absY.Bins5.Quantification   =  [ 1.922500e-01 5.892500e-01 1.501750e+00 4.277000e+00];
% L2 
 Bins.Stroke_Lengths_VY_CRITERION.ON_AIR.L2.Bins5.Uniform            =  [ 4.698133e+00 9.396265e+00 1.409440e+01 1.879253e+01];
Bins.Stroke_Lengths_VY_CRITERION.ON_AIR.L2.Bins5.Percentils         =  [ 4.031129e-02 1.187234e-01 2.424326e-01 4.733764e-01];
Bins.Stroke_Lengths_VY_CRITERION.ON_AIR.L2.Bins5.Quantification     =  [ 4.468593e-01 1.515963e+00 5.451327e+00 1.072265e+01];
% L1 
 Bins.Stroke_Lengths_VY_CRITERION.ON_AIR.L1.Bins5.Uniform            =  [ 6.063100e+00 1.212620e+01 1.818930e+01 2.425240e+01];
Bins.Stroke_Lengths_VY_CRITERION.ON_AIR.L1.Bins5.Percentils         =  [ 5.050000e-02 1.505000e-01 3.105000e-01 6.105000e-01];
Bins.Stroke_Lengths_VY_CRITERION.ON_AIR.L1.Bins5.Quantification     =  [ 5.312500e-01 1.725000e+00 5.723750e+00 1.159025e+01];
% Li 
 Bins.Stroke_Lengths_VY_CRITERION.ON_AIR.Li.Bins5.Uniform            =  [ 4.584900e+00 9.169800e+00 1.375470e+01 1.833960e+01];
Bins.Stroke_Lengths_VY_CRITERION.ON_AIR.Li.Bins5.Percentils         =  [ 3.650000e-02 1.055000e-01 2.155000e-01 4.220000e-01];
Bins.Stroke_Lengths_VY_CRITERION.ON_AIR.Li.Bins5.Quantification     =  [ 4.182500e-01 1.458000e+00 5.441250e+00 1.063800e+01];
% Lin 
 Bins.Stroke_Lengths_VY_CRITERION.ON_AIR.Lin.Bins5.Uniform           =  [ 2.269800e+00 4.539600e+00 6.809400e+00 9.079200e+00];
Bins.Stroke_Lengths_VY_CRITERION.ON_AIR.Lin.Bins5.Percentils        =  [ 8.500000e-03 3.400000e-02 8.350000e-02 1.845000e-01];
Bins.Stroke_Lengths_VY_CRITERION.ON_AIR.Lin.Bins5.Quantification    =  [ 1.502500e-01 4.797500e-01 1.332250e+00 3.201000e+00];
