 % X 
 Bins.Stroke_Lengths_VX_VY_CRITERION.ON_TABLET.X.Bins5.Uniform             =  [ 2.871800e+00 5.743600e+00 8.615400e+00 1.148720e+01];
Bins.Stroke_Lengths_VX_VY_CRITERION.ON_TABLET.X.Bins5.Percentils          =  [ 4.350000e-02 1.080000e-01 1.785000e-01 2.895000e-01];
Bins.Stroke_Lengths_VX_VY_CRITERION.ON_TABLET.X.Bins5.Quantification      =  [ 1.317500e-01 3.102500e-01 6.022500e-01 1.300000e+00];
% Y 
 Bins.Stroke_Lengths_VX_VY_CRITERION.ON_TABLET.Y.Bins5.Uniform             =  [ 1.249100e+00 2.498200e+00 3.747300e+00 4.996400e+00];
Bins.Stroke_Lengths_VX_VY_CRITERION.ON_TABLET.Y.Bins5.Percentils          =  [ 5.450000e-02 1.300000e-01 2.110000e-01 3.760000e-01];
Bins.Stroke_Lengths_VX_VY_CRITERION.ON_TABLET.Y.Bins5.Quantification      =  [ 1.642500e-01 4.037500e-01 7.907500e-01 1.520000e+00];
% Abs X 
 Bins.Stroke_Lengths_VX_VY_CRITERION.ON_TABLET.absX.Bins5.Uniform          =  [ 2.871800e+00 5.743600e+00 8.615400e+00 1.148720e+01];
Bins.Stroke_Lengths_VX_VY_CRITERION.ON_TABLET.absX.Bins5.Percentils       =  [ 4.350000e-02 1.080000e-01 1.785000e-01 2.895000e-01];
Bins.Stroke_Lengths_VX_VY_CRITERION.ON_TABLET.absX.Bins5.Quantification   =  [ 1.317500e-01 3.102500e-01 6.022500e-01 1.300000e+00];
% Abs Y 
 Bins.Stroke_Lengths_VX_VY_CRITERION.ON_TABLET.absY.Bins5.Uniform          =  [ 1.249100e+00 2.498200e+00 3.747300e+00 4.996400e+00];
Bins.Stroke_Lengths_VX_VY_CRITERION.ON_TABLET.absY.Bins5.Percentils       =  [ 5.450000e-02 1.300000e-01 2.110000e-01 3.760000e-01];
Bins.Stroke_Lengths_VX_VY_CRITERION.ON_TABLET.absY.Bins5.Quantification   =  [ 1.642500e-01 4.037500e-01 7.907500e-01 1.520000e+00];
% L2 
 Bins.Stroke_Lengths_VX_VY_CRITERION.ON_TABLET.L2.Bins5.Uniform            =  [ 2.893695e+00 5.787391e+00 8.681086e+00 1.157478e+01];
Bins.Stroke_Lengths_VX_VY_CRITERION.ON_TABLET.L2.Bins5.Percentils         =  [ 9.445766e-02 1.951284e-01 2.989042e-01 4.888315e-01];
Bins.Stroke_Lengths_VX_VY_CRITERION.ON_TABLET.L2.Bins5.Quantification     =  [ 2.167761e-01 4.961489e-01 9.487495e-01 1.847196e+00];
% L1 
 Bins.Stroke_Lengths_VX_VY_CRITERION.ON_TABLET.L1.Bins5.Uniform            =  [ 3.227100e+00 6.454200e+00 9.681300e+00 1.290840e+01];
Bins.Stroke_Lengths_VX_VY_CRITERION.ON_TABLET.L1.Bins5.Percentils         =  [ 1.225000e-01 2.606500e-01 4.030000e-01 6.515000e-01];
Bins.Stroke_Lengths_VX_VY_CRITERION.ON_TABLET.L1.Bins5.Quantification     =  [ 2.867500e-01 6.572500e-01 1.257250e+00 2.464500e+00];
% Li 
 Bins.Stroke_Lengths_VX_VY_CRITERION.ON_TABLET.Li.Bins5.Uniform            =  [ 2.871800e+00 5.743600e+00 8.615400e+00 1.148720e+01];
Bins.Stroke_Lengths_VX_VY_CRITERION.ON_TABLET.Li.Bins5.Percentils         =  [ 8.200000e-02 1.645000e-01 2.510000e-01 4.190000e-01];
Bins.Stroke_Lengths_VX_VY_CRITERION.ON_TABLET.Li.Bins5.Quantification     =  [ 1.877500e-01 4.292500e-01 8.177500e-01 1.576000e+00];
% Lin 
 Bins.Stroke_Lengths_VX_VY_CRITERION.ON_TABLET.Lin.Bins5.Uniform           =  [ 1.122600e+00 2.245200e+00 3.367800e+00 4.490400e+00];
Bins.Stroke_Lengths_VX_VY_CRITERION.ON_TABLET.Lin.Bins5.Percentils        =  [ 3.050000e-02 8.400000e-02 1.445000e-01 2.380000e-01];
Bins.Stroke_Lengths_VX_VY_CRITERION.ON_TABLET.Lin.Bins5.Quantification    =  [ 1.097500e-01 2.687500e-01 5.317500e-01 1.095750e+00];
