 % X 
 Bins.Normalized_Jerk.ON_AIR.X.Bins4.Uniform             =  [ 6.049522e+03 1.209904e+04 1.814857e+04];
Bins.Normalized_Jerk.ON_AIR.X.Bins4.Percentils          =  [ 2.555506e+00 3.630335e+00 8.527496e+00];
Bins.Normalized_Jerk.ON_AIR.X.Bins4.Quantification      =  [ 7.452859e+01 4.356015e+02 1.596162e+04];
% Y 
 Bins.Normalized_Jerk.ON_AIR.Y.Bins4.Uniform             =  [ 2.627461e+03 5.254922e+03 7.882383e+03];
Bins.Normalized_Jerk.ON_AIR.Y.Bins4.Percentils          =  [ 1.135781e+00 3.253678e+00 8.645487e+00];
Bins.Normalized_Jerk.ON_AIR.Y.Bins4.Quantification      =  [ 7.636082e+01 3.990706e+02 1.763958e+03];
% Abs X 
 Bins.Normalized_Jerk.ON_AIR.absX.Bins4.Uniform          =  [ 6.049522e+03 1.209904e+04 1.814857e+04];
Bins.Normalized_Jerk.ON_AIR.absX.Bins4.Percentils       =  [ 2.555506e+00 3.630335e+00 8.527496e+00];
Bins.Normalized_Jerk.ON_AIR.absX.Bins4.Quantification   =  [ 7.591804e+01 4.501696e+02 1.596162e+04];
% Abs Y 
 Bins.Normalized_Jerk.ON_AIR.absY.Bins4.Uniform          =  [ 2.627461e+03 5.254922e+03 7.882383e+03];
Bins.Normalized_Jerk.ON_AIR.absY.Bins4.Percentils       =  [ 1.135781e+00 3.253678e+00 8.645487e+00];
Bins.Normalized_Jerk.ON_AIR.absY.Bins4.Quantification   =  [ 8.660327e+01 4.916007e+02 2.455600e+03];
% L2 
 Bins.Normalized_Jerk.ON_AIR.L2.Bins4.Uniform            =  [ 6.091244e+03 1.218249e+04 1.827373e+04];
Bins.Normalized_Jerk.ON_AIR.L2.Bins4.Percentils         =  [ 3.574281e+00 6.246793e+00 1.430265e+01];
Bins.Normalized_Jerk.ON_AIR.L2.Bins4.Quantification     =  [ 9.742102e+01 5.392005e+02 4.119099e+03];
% L1 
 Bins.Normalized_Jerk.ON_AIR.L1.Bins4.Uniform            =  [ 6.761231e+03 1.352246e+04 2.028369e+04];
Bins.Normalized_Jerk.ON_AIR.L1.Bins4.Percentils         =  [ 4.543122e+00 8.041326e+00 1.787490e+01];
Bins.Normalized_Jerk.ON_AIR.L1.Bins4.Quantification     =  [ 1.137624e+02 5.930727e+02 4.617434e+03];
% Li 
 Bins.Normalized_Jerk.ON_AIR.Li.Bins4.Uniform            =  [ 6.049522e+03 1.209904e+04 1.814857e+04];
Bins.Normalized_Jerk.ON_AIR.Li.Bins4.Percentils         =  [ 3.192076e+00 5.553482e+00 1.356584e+01];
Bins.Normalized_Jerk.ON_AIR.Li.Bins4.Quantification     =  [ 1.193809e+02 8.067612e+02 1.735397e+04];
% Lin 
 Bins.Normalized_Jerk.ON_AIR.Lin.Bins4.Uniform           =  [ 1.301936e+03 2.603872e+03 3.905808e+03];
Bins.Normalized_Jerk.ON_AIR.Lin.Bins4.Percentils        =  [ 8.827633e-01 2.211783e+00 4.315966e+00];
Bins.Normalized_Jerk.ON_AIR.Lin.Bins4.Quantification    =  [ 3.440131e+01 1.591293e+02 8.737613e+02];
