 % Unidimensional 
 Bins.Curvature_Window_Size_10.ON_TABLET.angle_0_180.Bins7.Uniform             =  [ 2.571429e+01 5.142857e+01 7.714286e+01 1.028571e+02 1.285714e+02 1.542857e+02];
Bins.Curvature_Window_Size_10.ON_TABLET.angle_0_180.Bins7.Percentils          =  [ 4.000981e+00 1.107690e+01 2.223202e+01 3.833620e+01 6.069070e+01 9.482707e+01];
Bins.Curvature_Window_Size_10.ON_TABLET.angle_0_180.Bins7.Quantification      =  [ 1.435458e+01 3.326975e+01 5.501595e+01 7.944179e+01 1.081845e+02 1.429515e+02];
