 % Unidimensional 
 Bins.Horizontal_Box_Spacing.Bins4.Uniform             =  [ 9.800167e-01 1.951567e+00 2.923117e+00];
Bins.Horizontal_Box_Spacing.Bins4.Percentils          =  [ 4.233333e-02 8.466667e-02 1.354667e-01];
Bins.Horizontal_Box_Spacing.Bins4.Quantification      =  [ 7.196667e-02 1.566333e-01 2.844800e+00];
