 % X 
 Bins.Stroke_Lengths_VX_VY_CRITERION.ON_AIR.X.Bins5.Uniform             =  [ 7.433600e+00 1.486720e+01 2.230080e+01 2.973440e+01];
Bins.Stroke_Lengths_VX_VY_CRITERION.ON_AIR.X.Bins5.Percentils          =  [ 5.500000e-02 1.345000e-01 2.655000e-01 5.885000e-01];
Bins.Stroke_Lengths_VX_VY_CRITERION.ON_AIR.X.Bins5.Quantification      =  [ 6.387500e-01 2.324750e+00 8.419750e+00 1.897375e+01];
% Y 
 Bins.Stroke_Lengths_VX_VY_CRITERION.ON_AIR.Y.Bins5.Uniform             =  [ 2.853900e+00 5.707800e+00 8.561700e+00 1.141560e+01];
Bins.Stroke_Lengths_VX_VY_CRITERION.ON_AIR.Y.Bins5.Percentils          =  [ 5.200000e-02 1.205000e-01 2.175000e-01 3.890000e-01];
Bins.Stroke_Lengths_VX_VY_CRITERION.ON_AIR.Y.Bins5.Quantification      =  [ 2.747500e-01 7.962500e-01 1.910500e+00 4.519250e+00];
% Abs X 
 Bins.Stroke_Lengths_VX_VY_CRITERION.ON_AIR.absX.Bins5.Uniform          =  [ 7.433600e+00 1.486720e+01 2.230080e+01 2.973440e+01];
Bins.Stroke_Lengths_VX_VY_CRITERION.ON_AIR.absX.Bins5.Percentils       =  [ 5.500000e-02 1.345000e-01 2.655000e-01 5.885000e-01];
Bins.Stroke_Lengths_VX_VY_CRITERION.ON_AIR.absX.Bins5.Quantification   =  [ 5.117500e-01 1.565750e+00 4.769750e+00 1.052100e+01];
% Abs Y 
 Bins.Stroke_Lengths_VX_VY_CRITERION.ON_AIR.absY.Bins5.Uniform          =  [ 2.853900e+00 5.707800e+00 8.561700e+00 1.141560e+01];
Bins.Stroke_Lengths_VX_VY_CRITERION.ON_AIR.absY.Bins5.Percentils       =  [ 5.200000e-02 1.205000e-01 2.175000e-01 3.890000e-01];
Bins.Stroke_Lengths_VX_VY_CRITERION.ON_AIR.absY.Bins5.Quantification   =  [ 2.747500e-01 7.962500e-01 1.910500e+00 4.519250e+00];
% L2 
 Bins.Stroke_Lengths_VX_VY_CRITERION.ON_AIR.L2.Bins5.Uniform            =  [ 7.573833e+00 1.514767e+01 2.272150e+01 3.029533e+01];
Bins.Stroke_Lengths_VX_VY_CRITERION.ON_AIR.L2.Bins5.Percentils         =  [ 1.095631e-01 2.295175e-01 3.938069e-01 7.366787e-01];
Bins.Stroke_Lengths_VX_VY_CRITERION.ON_AIR.L2.Bins5.Quantification     =  [ 6.020160e-01 1.737029e+00 5.041470e+00 1.080945e+01];
% L1 
 Bins.Stroke_Lengths_VX_VY_CRITERION.ON_AIR.L1.Bins5.Uniform            =  [ 8.884300e+00 1.776860e+01 2.665290e+01 3.553720e+01];
Bins.Stroke_Lengths_VX_VY_CRITERION.ON_AIR.L1.Bins5.Percentils         =  [ 1.425000e-01 2.985000e-01 5.115000e-01 9.550000e-01];
Bins.Stroke_Lengths_VX_VY_CRITERION.ON_AIR.L1.Bins5.Quantification     =  [ 7.052500e-01 1.953750e+00 5.083500e+00 1.180575e+01];
% Li 
 Bins.Stroke_Lengths_VX_VY_CRITERION.ON_AIR.Li.Bins5.Uniform            =  [ 7.433600e+00 1.486720e+01 2.230080e+01 2.973440e+01];
Bins.Stroke_Lengths_VX_VY_CRITERION.ON_AIR.Li.Bins5.Percentils         =  [ 9.500000e-02 2.015000e-01 3.475000e-01 6.585000e-01];
Bins.Stroke_Lengths_VX_VY_CRITERION.ON_AIR.Li.Bins5.Quantification     =  [ 5.582500e-01 1.624750e+00 4.853000e+00 1.056650e+01];
% Lin 
 Bins.Stroke_Lengths_VX_VY_CRITERION.ON_AIR.Lin.Bins5.Uniform           =  [ 2.593100e+00 5.186200e+00 7.779300e+00 1.037240e+01];
Bins.Stroke_Lengths_VX_VY_CRITERION.ON_AIR.Lin.Bins5.Percentils        =  [ 3.500000e-02 8.300000e-02 1.530000e-01 2.950000e-01];
Bins.Stroke_Lengths_VX_VY_CRITERION.ON_AIR.Lin.Bins5.Quantification    =  [ 2.262500e-01 6.657500e-01 1.676250e+00 3.671250e+00];
