 % X 
 Bins.Speed.ON_AIR.X.Bins4.Uniform             =  [ -5.922656e+02 4.950313e+02 1.582328e+03];
Bins.Speed.ON_AIR.X.Bins4.Percentils          =  [ -6.875000e-01 0 1.500000e+00];
Bins.Speed.ON_AIR.X.Bins4.Quantification      =  [ -3.016562e+02 4.031250e+00 5.531696e+02];
% Y 
 Bins.Speed.ON_AIR.Y.Bins4.Uniform             =  [ -3.417388e+02 3.667366e+02 1.075212e+03];
Bins.Speed.ON_AIR.Y.Bins4.Percentils          =  [ -3.750000e-01 0 1.250000e+00];
Bins.Speed.ON_AIR.Y.Bins4.Quantification      =  [ 1.767857e+00 7.404464e+01 8.192187e+02];
% Abs X 
 Bins.Speed.ON_AIR.absX.Bins4.Uniform          =  [ 6.674062e+02 1.334812e+03 2.002219e+03];
Bins.Speed.ON_AIR.absX.Bins4.Percentils       =  [ 1.875000e-01 1.071429e+00 3.062500e+00];
Bins.Speed.ON_AIR.absX.Bins4.Quantification   =  [ 5.468750e+00 1.169286e+02 6.961875e+02];
% Abs Y 
 Bins.Speed.ON_AIR.absY.Bins4.Uniform          =  [ 4.459219e+02 8.918438e+02 1.337766e+03];
Bins.Speed.ON_AIR.absY.Bins4.Percentils       =  [ 1.250000e-01 8.125000e-01 2.285714e+00];
Bins.Speed.ON_AIR.absY.Bins4.Quantification   =  [ 3.334821e+00 5.492857e+01 2.975536e+02];
% L2 
 Bins.Speed.ON_AIR.L2.Bins4.Uniform            =  [ 7.145905e+02 1.429181e+03 2.143771e+03];
Bins.Speed.ON_AIR.L2.Bins4.Percentils         =  [ 6.875000e-01 2.062500e+00 4.420301e+00];
Bins.Speed.ON_AIR.L2.Bins4.Quantification     =  [ 6.025661e+00 1.227022e+02 7.251195e+02];
% L1 
 Bins.Speed.ON_AIR.L1.Bins4.Uniform            =  [ 9.227656e+02 1.845531e+03 2.768297e+03];
Bins.Speed.ON_AIR.L1.Bins4.Percentils         =  [ 7.857143e-01 2.437500e+00 5.428571e+00];
Bins.Speed.ON_AIR.L1.Bins4.Quantification     =  [ 7.401786e+00 1.468929e+02 8.491562e+02];
% Li 
 Bins.Speed.ON_AIR.Li.Bins4.Uniform            =  [ 6.674062e+02 1.334812e+03 2.002219e+03];
Bins.Speed.ON_AIR.Li.Bins4.Percentils         =  [ 6.250000e-01 1.875000e+00 4.000000e+00];
Bins.Speed.ON_AIR.Li.Bins4.Quantification     =  [ 5.767857e+00 1.137188e+02 6.875402e+02];
% Lin 
 Bins.Speed.ON_AIR.Lin.Bins4.Uniform           =  [ 3.022813e+02 6.045625e+02 9.068438e+02];
Bins.Speed.ON_AIR.Lin.Bins4.Percentils        =  [ 0 3.125000e-01 1.312500e+00];
Bins.Speed.ON_AIR.Lin.Bins4.Quantification    =  [ 2.299107e+00 4.103571e+01 2.138571e+02];
