 % X 
 Bins.Stroke_Lengths_VY_CRITERION.ON_TABLET.X.Bins5.Uniform             =  [ 1.290100e+00 2.580200e+00 3.870300e+00 5.160400e+00];
Bins.Stroke_Lengths_VY_CRITERION.ON_TABLET.X.Bins5.Percentils          =  [ 3.250000e-02 7.900000e-02 1.275000e-01 1.995000e-01];
Bins.Stroke_Lengths_VY_CRITERION.ON_TABLET.X.Bins5.Quantification      =  [ 7.525000e-02 1.692500e-01 2.972500e-01 5.332500e-01];
% Y 
 Bins.Stroke_Lengths_VY_CRITERION.ON_TABLET.Y.Bins5.Uniform             =  [ 4.422000e-01 8.844000e-01 1.326600e+00 1.768800e+00];
Bins.Stroke_Lengths_VY_CRITERION.ON_TABLET.Y.Bins5.Percentils          =  [ 3.100000e-02 1.085000e-01 1.755000e-01 2.710000e-01];
Bins.Stroke_Lengths_VY_CRITERION.ON_TABLET.Y.Bins5.Quantification      =  [ 9.475000e-02 2.217500e-01 3.977500e-01 6.707500e-01];
% Abs X 
 Bins.Stroke_Lengths_VY_CRITERION.ON_TABLET.absX.Bins5.Uniform          =  [ 1.290100e+00 2.580200e+00 3.870300e+00 5.160400e+00];
Bins.Stroke_Lengths_VY_CRITERION.ON_TABLET.absX.Bins5.Percentils       =  [ 3.250000e-02 7.900000e-02 1.275000e-01 1.995000e-01];
Bins.Stroke_Lengths_VY_CRITERION.ON_TABLET.absX.Bins5.Quantification   =  [ 7.525000e-02 1.692500e-01 2.972500e-01 5.332500e-01];
% Abs Y 
 Bins.Stroke_Lengths_VY_CRITERION.ON_TABLET.absY.Bins5.Uniform          =  [ 4.422000e-01 8.844000e-01 1.326600e+00 1.768800e+00];
Bins.Stroke_Lengths_VY_CRITERION.ON_TABLET.absY.Bins5.Percentils       =  [ 3.100000e-02 1.085000e-01 1.755000e-01 2.710000e-01];
Bins.Stroke_Lengths_VY_CRITERION.ON_TABLET.absY.Bins5.Quantification   =  [ 9.475000e-02 2.217500e-01 3.977500e-01 6.707500e-01];
% L2 
 Bins.Stroke_Lengths_VY_CRITERION.ON_TABLET.L2.Bins5.Uniform            =  [ 1.363781e+00 2.727562e+00 4.091343e+00 5.455124e+00];
Bins.Stroke_Lengths_VY_CRITERION.ON_TABLET.L2.Bins5.Percentils         =  [ 6.470993e-02 1.575198e-01 2.351541e-01 3.496997e-01];
Bins.Stroke_Lengths_VY_CRITERION.ON_TABLET.L2.Bins5.Quantification     =  [ 1.201260e-01 2.646708e-01 4.524051e-01 7.486444e-01];
% L1 
 Bins.Stroke_Lengths_VY_CRITERION.ON_TABLET.L1.Bins5.Uniform            =  [ 1.732300e+00 3.464600e+00 5.196900e+00 6.929200e+00];
Bins.Stroke_Lengths_VY_CRITERION.ON_TABLET.L1.Bins5.Percentils         =  [ 8.250000e-02 2.090000e-01 3.155000e-01 4.680000e-01];
Bins.Stroke_Lengths_VY_CRITERION.ON_TABLET.L1.Bins5.Quantification     =  [ 1.587500e-01 3.512500e-01 5.932500e-01 9.757500e-01];
% Li 
 Bins.Stroke_Lengths_VY_CRITERION.ON_TABLET.Li.Bins5.Uniform            =  [ 1.290100e+00 2.580200e+00 3.870300e+00 5.160400e+00];
Bins.Stroke_Lengths_VY_CRITERION.ON_TABLET.Li.Bins5.Percentils         =  [ 5.750000e-02 1.335000e-01 1.985000e-01 2.985000e-01];
Bins.Stroke_Lengths_VY_CRITERION.ON_TABLET.Li.Bins5.Quantification     =  [ 1.082500e-01 2.387500e-01 4.172500e-01 6.992500e-01];
% Lin 
 Bins.Stroke_Lengths_VY_CRITERION.ON_TABLET.Lin.Bins5.Uniform           =  [ 4.422000e-01 8.844000e-01 1.326600e+00 1.768800e+00];
Bins.Stroke_Lengths_VY_CRITERION.ON_TABLET.Lin.Bins5.Percentils        =  [ 1.850000e-02 6.300000e-02 1.085000e-01 1.690000e-01];
Bins.Stroke_Lengths_VY_CRITERION.ON_TABLET.Lin.Bins5.Quantification    =  [ 5.825000e-02 1.357500e-01 2.342500e-01 4.047500e-01];
