 % X 
 Bins.Stroke_Lengths_VX_CRITERION.ON_AIR.X.Bins5.Uniform             =  [ 6.277600e+00 1.255520e+01 1.883280e+01 2.511040e+01];
Bins.Stroke_Lengths_VX_CRITERION.ON_AIR.X.Bins5.Percentils          =  [ 1.200000e-02 4.650000e-02 1.325000e-01 3.455000e-01];
Bins.Stroke_Lengths_VX_CRITERION.ON_AIR.X.Bins5.Quantification      =  [ 3.917500e-01 1.344250e+00 4.643750e+00 1.043125e+01];
% Y 
 Bins.Stroke_Lengths_VX_CRITERION.ON_AIR.Y.Bins5.Uniform             =  [ 2.275400e+00 4.550800e+00 6.826200e+00 9.101600e+00];
Bins.Stroke_Lengths_VX_CRITERION.ON_AIR.Y.Bins5.Percentils          =  [ 1.400000e-02 5.100000e-02 1.145000e-01 2.385000e-01];
Bins.Stroke_Lengths_VX_CRITERION.ON_AIR.Y.Bins5.Quantification      =  [ 1.727500e-01 5.277500e-01 1.418250e+00 3.099250e+00];
% Abs X 
 Bins.Stroke_Lengths_VX_CRITERION.ON_AIR.absX.Bins5.Uniform          =  [ 6.277600e+00 1.255520e+01 1.883280e+01 2.511040e+01];
Bins.Stroke_Lengths_VX_CRITERION.ON_AIR.absX.Bins5.Percentils       =  [ 1.200000e-02 4.650000e-02 1.325000e-01 3.455000e-01];
Bins.Stroke_Lengths_VX_CRITERION.ON_AIR.absX.Bins5.Quantification   =  [ 3.917500e-01 1.344250e+00 4.643750e+00 1.043125e+01];
% Abs Y 
 Bins.Stroke_Lengths_VX_CRITERION.ON_AIR.absY.Bins5.Uniform          =  [ 2.275400e+00 4.550800e+00 6.826200e+00 9.101600e+00];
Bins.Stroke_Lengths_VX_CRITERION.ON_AIR.absY.Bins5.Percentils       =  [ 1.400000e-02 5.100000e-02 1.145000e-01 2.385000e-01];
Bins.Stroke_Lengths_VX_CRITERION.ON_AIR.absY.Bins5.Quantification   =  [ 1.752500e-01 5.362500e-01 1.435500e+00 3.119000e+00];
% L2 
 Bins.Stroke_Lengths_VX_CRITERION.ON_AIR.L2.Bins5.Uniform            =  [ 6.331800e+00 1.266360e+01 1.899540e+01 2.532720e+01];
Bins.Stroke_Lengths_VX_CRITERION.ON_AIR.L2.Bins5.Percentils         =  [ 2.934706e-02 9.218812e-02 2.156123e-01 4.561936e-01];
Bins.Stroke_Lengths_VX_CRITERION.ON_AIR.L2.Bins5.Quantification     =  [ 4.227668e-01 1.394469e+00 4.549983e+00 1.038713e+01];
% L1 
 Bins.Stroke_Lengths_VX_CRITERION.ON_AIR.L1.Bins5.Uniform            =  [ 7.104300e+00 1.420860e+01 2.131290e+01 2.841720e+01];
Bins.Stroke_Lengths_VX_CRITERION.ON_AIR.L1.Bins5.Percentils         =  [ 3.650000e-02 1.180000e-01 2.780000e-01 5.905000e-01];
Bins.Stroke_Lengths_VX_CRITERION.ON_AIR.L1.Bins5.Quantification     =  [ 5.292500e-01 1.731000e+00 5.454000e+00 1.217525e+01];
% Li 
 Bins.Stroke_Lengths_VX_CRITERION.ON_AIR.Li.Bins5.Uniform            =  [ 6.277600e+00 1.255520e+01 1.883280e+01 2.511040e+01];
Bins.Stroke_Lengths_VX_CRITERION.ON_AIR.Li.Bins5.Percentils         =  [ 2.650000e-02 8.200000e-02 1.900000e-01 4.070000e-01];
Bins.Stroke_Lengths_VX_CRITERION.ON_AIR.Li.Bins5.Quantification     =  [ 3.767500e-01 1.225750e+00 3.898000e+00 9.710500e+00];
% Lin 
 Bins.Stroke_Lengths_VX_CRITERION.ON_AIR.Lin.Bins5.Uniform           =  [ 1.714300e+00 3.428600e+00 5.142900e+00 6.857200e+00];
Bins.Stroke_Lengths_VX_CRITERION.ON_AIR.Lin.Bins5.Percentils        =  [ 6.000000e-03 2.900000e-02 7.700000e-02 1.745000e-01];
Bins.Stroke_Lengths_VX_CRITERION.ON_AIR.Lin.Bins5.Quantification    =  [ 1.492500e-01 4.962500e-01 1.399250e+00 2.973500e+00];
