 % Unidimensional 
 Bins.Curvature_Window_Size_10.ON_TABLET_ON_AIR.angle_0_180.Bins9.Uniform             =  [ 20 40 60 80 100 120 140 160];
Bins.Curvature_Window_Size_10.ON_TABLET_ON_AIR.angle_0_180.Bins9.Percentils          =  [ 1.414066e+00 4.069582e+00 8.228953e+00 1.485219e+01 2.522129e+01 4.106743e+01 6.489521e+01 1.031283e+02];
Bins.Curvature_Window_Size_10.ON_TABLET_ON_AIR.angle_0_180.Bins9.Quantification      =  [ 9.182875e+00 2.235872e+01 3.824005e+01 5.630252e+01 7.631613e+01 9.872782e+01 1.241670e+02 1.520047e+02];
