 % X 
 Bins.Speed.ON_TABLET_ON_AIR.X.Bins4.Uniform             =  [ -5.922656e+02 4.950313e+02 1.582328e+03];
Bins.Speed.ON_TABLET_ON_AIR.X.Bins4.Percentils          =  [ -3.571429e-01 0 1.642857e+00];
Bins.Speed.ON_TABLET_ON_AIR.X.Bins4.Quantification      =  [ 1.016433e+00 7.098214e+00 1.563795e+02];
% Y 
 Bins.Speed.ON_TABLET_ON_AIR.Y.Bins4.Uniform             =  [ -3.417388e+02 3.667366e+02 1.075212e+03];
Bins.Speed.ON_TABLET_ON_AIR.Y.Bins4.Percentils          =  [ -1.125000e+00 0 1.187500e+00];
Bins.Speed.ON_TABLET_ON_AIR.Y.Bins4.Quantification      =  [ -1.770625e+02 -2.161458e+00 1.918860e+00];
% Abs X 
 Bins.Speed.ON_TABLET_ON_AIR.absX.Bins4.Uniform          =  [ 6.674062e+02 1.334812e+03 2.002219e+03];
Bins.Speed.ON_TABLET_ON_AIR.absX.Bins4.Percentils       =  [ 1.666667e-01 1.000000e+00 2.437500e+00];
Bins.Speed.ON_TABLET_ON_AIR.absX.Bins4.Quantification   =  [ 4.118056e+00 1.133438e+02 6.961875e+02];
% Abs Y 
 Bins.Speed.ON_TABLET_ON_AIR.absY.Bins4.Uniform          =  [ 4.459219e+02 8.918438e+02 1.337766e+03];
Bins.Speed.ON_TABLET_ON_AIR.absY.Bins4.Percentils       =  [ 1.875000e-01 1.142857e+00 2.562500e+00];
Bins.Speed.ON_TABLET_ON_AIR.absY.Bins4.Quantification   =  [ 1.945906e+00 5.901786e+00 1.273125e+02];
% L2 
 Bins.Speed.ON_TABLET_ON_AIR.L2.Bins4.Uniform            =  [ 7.145905e+02 1.429181e+03 2.143771e+03];
Bins.Speed.ON_TABLET_ON_AIR.L2.Bins4.Percentils         =  [ 9.285714e-01 2.214286e+00 3.915563e+00];
Bins.Speed.ON_TABLET_ON_AIR.L2.Bins4.Quantification     =  [ 4.895223e+00 1.191147e+02 7.251195e+02];
% L1 
 Bins.Speed.ON_TABLET_ON_AIR.L1.Bins4.Uniform            =  [ 9.227656e+02 1.845531e+03 2.768297e+03];
Bins.Speed.ON_TABLET_ON_AIR.L1.Bins4.Percentils         =  [ 1.062500e+00 2.642857e+00 4.857143e+00];
Bins.Speed.ON_TABLET_ON_AIR.L1.Bins4.Quantification     =  [ 4.220779e+00 1.259821e+01 2.862187e+02];
% Li 
 Bins.Speed.ON_TABLET_ON_AIR.Li.Bins4.Uniform            =  [ 6.674062e+02 1.334812e+03 2.002219e+03];
Bins.Speed.ON_TABLET_ON_AIR.Li.Bins4.Percentils         =  [ 8.571429e-01 2.000000e+00 3.562500e+00];
Bins.Speed.ON_TABLET_ON_AIR.Li.Bins4.Quantification     =  [ 4.620192e+00 1.054062e+02 6.293750e+02];
% Lin 
 Bins.Speed.ON_TABLET_ON_AIR.Lin.Bins4.Uniform           =  [ 3.022813e+02 6.045625e+02 9.068438e+02];
Bins.Speed.ON_TABLET_ON_AIR.Lin.Bins4.Percentils        =  [ 0 3.750000e-01 1.312500e+00];
Bins.Speed.ON_TABLET_ON_AIR.Lin.Bins4.Quantification    =  [ 1.711310e+00 3.807143e+01 2.029687e+02];
