 % Angle 
 Bins.Inclination.ON_AIR.angle_0_360.Bins7.Uniform             =  [ -1.285714e+02 -7.714286e+01 -2.571429e+01 2.571429e+01 7.714286e+01 1.285714e+02];
Bins.Inclination.ON_AIR.angle_0_360.Bins7.Percentils          =  [ -1.321500e+02 -3.618148e+01 7.761503e-06 1.943131e+01 5.399060e+01 1.033656e+02];
Bins.Inclination.ON_AIR.angle_0_360.Bins7.Quantification      =  [ -1.439561e+02 -9.628459e+01 -3.629373e+01 1.801649e+01 6.443265e+01 1.250074e+02];
 % Angle Absolute Value 
 Bins.Inclination.ON_AIR.angle_0_180.Bins7.Uniform             =  [ 2.571429e+01 5.142857e+01 7.714286e+01 1.028571e+02 1.285714e+02 1.542857e+02];
Bins.Inclination.ON_AIR.angle_0_180.Bins7.Percentils          =  [ 1.073953e+01 2.786954e+01 5.152149e+01 8.508318e+01 1.223589e+02 1.647791e+02];
Bins.Inclination.ON_AIR.angle_0_180.Bins7.Quantification      =  [ 1.950327e+01 4.427911e+01 7.244440e+01 1.024792e+02 1.330544e+02 1.609688e+02];
 % Angle Absolute Value 
 Bins.Inclination.ON_AIR.angle_0_90.Bins7.Uniform             =  [ 1.285714e+01 2.571429e+01 3.857143e+01 5.142857e+01 6.428571e+01 7.714286e+01];
Bins.Inclination.ON_AIR.angle_0_90.Bins7.Percentils          =  [ 3.587861e+00 1.242341e+01 2.276706e+01 3.638080e+01 5.346913e+01 7.418444e+01];
Bins.Inclination.ON_AIR.angle_0_90.Bins7.Quantification      =  [ 8.730936e+00 2.071349e+01 3.373467e+01 4.780434e+01 6.260352e+01 7.789879e+01];
