 % X 
 Bins.Jerk.ON_TABLET.X.Bins4.Uniform             =  [ -1.329826e+05 -3.161139e+04 6.975978e+04];
Bins.Jerk.ON_TABLET.X.Bins4.Percentils          =  [ -5.952381e+03 0 6.250000e+03];
Bins.Jerk.ON_TABLET.X.Bins4.Quantification      =  [ -1.784784e+04 -3.166853e+03 9.946987e+03];
% Y 
 Bins.Jerk.ON_TABLET.Y.Bins4.Uniform             =  [ -1.463010e+05 -3.954082e+04 6.721939e+04];
Bins.Jerk.ON_TABLET.Y.Bins4.Percentils          =  [ -8.035714e+03 0 8.035714e+03];
Bins.Jerk.ON_TABLET.Y.Bins4.Quantification      =  [ -1.711775e+04 -1.371838e+03 1.605748e+04];
% Abs X 
 Bins.Jerk.ON_TABLET.absX.Bins4.Uniform          =  [ 5.858844e+04 1.171769e+05 1.757653e+05];
Bins.Jerk.ON_TABLET.absX.Bins4.Percentils       =  [ 2.210884e+03 5.952381e+03 1.220238e+04];
Bins.Jerk.ON_TABLET.absX.Bins4.Quantification   =  [ 6.403460e+03 1.564958e+04 3.011533e+04];
% Abs Y 
 Bins.Jerk.ON_TABLET.absY.Bins4.Uniform          =  [ 6.326531e+04 1.265306e+05 1.897959e+05];
Bins.Jerk.ON_TABLET.absY.Bins4.Percentils       =  [ 3.273810e+03 8.035714e+03 1.517857e+04];
Bins.Jerk.ON_TABLET.absY.Bins4.Quantification   =  [ 7.863653e+03 1.863374e+04 3.610491e+04];
% L2 
 Bins.Jerk.ON_TABLET.L2.Bins4.Uniform            =  [ 6.334777e+04 1.266955e+05 1.900433e+05];
Bins.Jerk.ON_TABLET.L2.Bins4.Percentils         =  [ 6.688156e+03 1.256009e+04 2.092031e+04];
Bins.Jerk.ON_TABLET.L2.Bins4.Quantification     =  [ 1.064244e+04 2.234296e+04 4.010632e+04];
% L1 
 Bins.Jerk.ON_TABLET.L1.Bins4.Uniform            =  [ 7.849702e+04 1.569940e+05 2.354911e+05];
Bins.Jerk.ON_TABLET.L1.Bins4.Percentils         =  [ 8.333333e+03 1.581633e+04 2.670068e+04];
Bins.Jerk.ON_TABLET.L1.Bins4.Quantification     =  [ 1.308129e+04 2.787853e+04 5.014881e+04];
% Li 
 Bins.Jerk.ON_TABLET.Li.Bins4.Uniform            =  [ 6.326531e+04 1.265306e+05 1.897959e+05];
Bins.Jerk.ON_TABLET.Li.Bins4.Percentils         =  [ 5.952381e+03 1.122449e+04 1.875000e+04];
Bins.Jerk.ON_TABLET.Li.Bins4.Quantification     =  [ 1.013300e+04 2.115420e+04 3.847656e+04];
% Lin 
 Bins.Jerk.ON_TABLET.Lin.Bins4.Uniform           =  [ 3.711735e+04 7.423469e+04 1.113520e+05];
Bins.Jerk.ON_TABLET.Lin.Bins4.Percentils        =  [ 1.190476e+03 3.869048e+03 8.163265e+03];
Bins.Jerk.ON_TABLET.Lin.Bins4.Quantification    =  [ 3.557478e+03 9.333147e+03 1.852679e+04];
