 % Unidimensional 
 Bins.Medianline_Grouping.Bins5.Uniform             =  [ 5.882757e-01 1.176551e+00 1.764827e+00 2.353103e+00];
Bins.Medianline_Grouping.Bins5.Percentils          =  [ 3.617267e-02 9.236786e-02 1.529654e-01 2.222817e-01];
Bins.Medianline_Grouping.Bins5.Quantification      =  [ 8.791077e-02 1.891893e-01 3.255086e-01 5.791677e-01];
