 % Angle 
 Bins.Inclination.ON_AIR.angle_0_360.Bins8.Uniform             =  [ -1.350000e+02 -9.000000e+01 -4.500000e+01 1.421085e-14 45 90 135];
Bins.Inclination.ON_AIR.angle_0_360.Bins8.Percentils          =  [ -1.408945e+02 -6.431115e+01 -5.678802e+00 7.372680e+00 3.043134e+01 6.555605e+01 1.155648e+02];
Bins.Inclination.ON_AIR.angle_0_360.Bins8.Quantification      =  [ -1.448534e+02 -9.827733e+01 -3.897876e+01 1.273169e+01 5.374245e+01 9.825546e+01 1.435141e+02];
 % Angle Absolute Value 
 Bins.Inclination.ON_AIR.angle_0_180.Bins8.Uniform             =  [ 2.250000e+01 45 6.750000e+01 90 1.125000e+02 135 1.575000e+02];
Bins.Inclination.ON_AIR.angle_0_180.Bins8.Percentils          =  [ 8.826312e+00 2.297082e+01 4.181146e+01 6.676704e+01 9.096665e+01 1.366722e+02 1.679138e+02];
Bins.Inclination.ON_AIR.angle_0_180.Bins8.Quantification      =  [ 1.461175e+01 3.363905e+01 5.480059e+01 7.814729e+01 1.051900e+02 1.348826e+02 1.617396e+02];
 % Angle Absolute Value 
 Bins.Inclination.ON_AIR.angle_0_90.Bins8.Uniform             =  [ 1.125000e+01 2.250000e+01 3.375000e+01 45 5.625000e+01 6.750000e+01 7.875000e+01];
Bins.Inclination.ON_AIR.angle_0_90.Bins8.Percentils          =  [ 2.689641e+00 1.012578e+01 1.869628e+01 2.912499e+01 4.229984e+01 5.831450e+01 7.695331e+01];
Bins.Inclination.ON_AIR.angle_0_90.Bins8.Quantification      =  [ 7.279129e+00 1.737398e+01 2.827180e+01 4.006117e+01 5.255591e+01 6.571868e+01 7.934031e+01];
