 % X 
 Bins.Stroke_Lengths_VX_CRITERION.ON_TABLET.X.Bins5.Uniform             =  [ 2.837300e+00 5.674600e+00 8.511900e+00 1.134920e+01];
Bins.Stroke_Lengths_VX_CRITERION.ON_TABLET.X.Bins5.Percentils          =  [ 2.050000e-02 7.800000e-02 1.585000e-01 2.675000e-01];
Bins.Stroke_Lengths_VX_CRITERION.ON_TABLET.X.Bins5.Quantification      =  [ 8.925000e-02 2.147500e-01 3.752500e-01 6.527500e-01];
% Y 
 Bins.Stroke_Lengths_VX_CRITERION.ON_TABLET.Y.Bins5.Uniform             =  [ 5.921000e-01 1.184200e+00 1.776300e+00 2.368400e+00];
Bins.Stroke_Lengths_VX_CRITERION.ON_TABLET.Y.Bins5.Percentils          =  [ 3.950000e-02 9.750000e-02 1.675000e-01 2.950000e-01];
Bins.Stroke_Lengths_VX_CRITERION.ON_TABLET.Y.Bins5.Quantification      =  [ 1.222500e-01 2.922500e-01 5.447500e-01 9.827500e-01];
% Abs X 
 Bins.Stroke_Lengths_VX_CRITERION.ON_TABLET.absX.Bins5.Uniform          =  [ 2.837300e+00 5.674600e+00 8.511900e+00 1.134920e+01];
Bins.Stroke_Lengths_VX_CRITERION.ON_TABLET.absX.Bins5.Percentils       =  [ 2.050000e-02 7.800000e-02 1.585000e-01 2.675000e-01];
Bins.Stroke_Lengths_VX_CRITERION.ON_TABLET.absX.Bins5.Quantification   =  [ 1.097500e-01 2.667500e-01 5.072500e-01 9.326750e+00];
% Abs Y 
 Bins.Stroke_Lengths_VX_CRITERION.ON_TABLET.absY.Bins5.Uniform          =  [ 5.921000e-01 1.184200e+00 1.776300e+00 2.368400e+00];
Bins.Stroke_Lengths_VX_CRITERION.ON_TABLET.absY.Bins5.Percentils       =  [ 3.950000e-02 9.750000e-02 1.675000e-01 2.950000e-01];
Bins.Stroke_Lengths_VX_CRITERION.ON_TABLET.absY.Bins5.Quantification   =  [ 1.222500e-01 2.922500e-01 5.447500e-01 9.827500e-01];
% L2 
 Bins.Stroke_Lengths_VX_CRITERION.ON_TABLET.L2.Bins5.Uniform            =  [ 2.853882e+00 5.707764e+00 8.561646e+00 1.141553e+01];
Bins.Stroke_Lengths_VX_CRITERION.ON_TABLET.L2.Bins5.Percentils         =  [ 6.562202e-02 1.539131e-01 2.556076e-01 4.110675e-01];
Bins.Stroke_Lengths_VX_CRITERION.ON_TABLET.L2.Bins5.Quantification     =  [ 1.996030e-01 4.626311e-01 9.074908e-01 9.516969e+00];
% L1 
 Bins.Stroke_Lengths_VX_CRITERION.ON_TABLET.L1.Bins5.Uniform            =  [ 3.144500e+00 6.289000e+00 9.433500e+00 1.257800e+01];
Bins.Stroke_Lengths_VX_CRITERION.ON_TABLET.L1.Bins5.Percentils         =  [ 8.150000e-02 2.000000e-01 3.390000e-01 5.495000e-01];
Bins.Stroke_Lengths_VX_CRITERION.ON_TABLET.L1.Bins5.Quantification     =  [ 2.572500e-01 6.002500e-01 1.174250e+00 6.366250e+00];
% Li 
 Bins.Stroke_Lengths_VX_CRITERION.ON_TABLET.Li.Bins5.Uniform            =  [ 2.837300e+00 5.674600e+00 8.511900e+00 1.134920e+01];
Bins.Stroke_Lengths_VX_CRITERION.ON_TABLET.Li.Bins5.Percentils         =  [ 5.950000e-02 1.340000e-01 2.180000e-01 3.500000e-01];
Bins.Stroke_Lengths_VX_CRITERION.ON_TABLET.Li.Bins5.Quantification     =  [ 1.407500e-01 3.132500e-01 5.592500e-01 1.010750e+00];
% Lin 
 Bins.Stroke_Lengths_VX_CRITERION.ON_TABLET.Lin.Bins5.Uniform           =  [ 4.453000e-01 8.906000e-01 1.335900e+00 1.781200e+00];
Bins.Stroke_Lengths_VX_CRITERION.ON_TABLET.Lin.Bins5.Percentils        =  [ 1.500000e-02 5.500000e-02 1.140000e-01 2.035000e-01];
Bins.Stroke_Lengths_VX_CRITERION.ON_TABLET.Lin.Bins5.Quantification    =  [ 7.325000e-02 1.777500e-01 3.192500e-01 5.537500e-01];
