 % Unidimensional 
 Bins.Curvature_Window_Size_10.ON_AIR.angle_0_180.Bins7.Uniform             =  [ 2.571429e+01 5.142857e+01 7.714286e+01 1.028571e+02 1.285714e+02 1.542857e+02];
Bins.Curvature_Window_Size_10.ON_AIR.angle_0_180.Bins7.Percentils          =  [ 7.094801e-01 2.394426e+00 5.041773e+00 9.652318e+00 1.940305e+01 4.788936e+01];
Bins.Curvature_Window_Size_10.ON_AIR.angle_0_180.Bins7.Quantification      =  [ 8.744494e+00 2.347809e+01 4.421102e+01 7.091958e+01 1.036303e+02 1.410644e+02];
