 % Unidimensional 
 Bins.Baseline_Grouping.Bins4.Uniform             =  [ 1.241305e+00 2.482609e+00 3.723914e+00];
Bins.Baseline_Grouping.Bins4.Percentils          =  [ 6.632483e-02 1.314697e-01 2.377167e-01];
Bins.Baseline_Grouping.Bins4.Quantification      =  [ 1.742706e-01 4.460802e-01 9.294792e-01];
