 % Unidimensional 
 Bins.Pressure_T_Derivative.ON_TABLET.Bins5.Uniform             =  [ -7.519531e+01 -4.827009e+01 -2.134487e+01 5.580357e+00];
Bins.Pressure_T_Derivative.ON_TABLET.Bins5.Percentils          =  [ -1.534598e+00 -2.441406e-01 5.580357e-01 1.953125e+00];
Bins.Pressure_T_Derivative.ON_TABLET.Bins5.Quantification      =  [ -1.568604e+01 -4.560198e+00 6.313060e-01 5.074637e+00];
