 % X 
 Bins.Stroke_Lengths_PENUP_CRITERION.ON_TABLET.X.Bins5.Uniform             =  [ 6.905500e+00 1.381100e+01 2.071650e+01 2.762200e+01];
Bins.Stroke_Lengths_PENUP_CRITERION.ON_TABLET.X.Bins5.Percentils          =  [ 1.245000e-01 3.345000e-01 5.750000e-01 9.705000e-01];
Bins.Stroke_Lengths_PENUP_CRITERION.ON_TABLET.X.Bins5.Quantification      =  [ 5.002500e-01 1.224750e+00 2.580750e+00 2.535875e+01];
% Y 
 Bins.Stroke_Lengths_PENUP_CRITERION.ON_TABLET.Y.Bins5.Uniform             =  [ 2.364800e+00 4.729600e+00 7.094400e+00 9.459200e+00];
Bins.Stroke_Lengths_PENUP_CRITERION.ON_TABLET.Y.Bins5.Percentils          =  [ 1.290000e-01 3.835000e-01 6.815000e-01 1.230000e+00];
Bins.Stroke_Lengths_PENUP_CRITERION.ON_TABLET.Y.Bins5.Quantification      =  [ 5.007500e-01 1.206750e+00 2.265750e+00 4.156000e+00];
% Abs X 
 Bins.Stroke_Lengths_PENUP_CRITERION.ON_TABLET.absX.Bins5.Uniform          =  [ 6.905500e+00 1.381100e+01 2.071650e+01 2.762200e+01];
Bins.Stroke_Lengths_PENUP_CRITERION.ON_TABLET.absX.Bins5.Percentils       =  [ 1.245000e-01 3.345000e-01 5.750000e-01 9.705000e-01];
Bins.Stroke_Lengths_PENUP_CRITERION.ON_TABLET.absX.Bins5.Quantification   =  [ 4.182500e-01 9.802500e-01 1.819000e+00 3.612250e+00];
% Abs Y 
 Bins.Stroke_Lengths_PENUP_CRITERION.ON_TABLET.absY.Bins5.Uniform          =  [ 2.364800e+00 4.729600e+00 7.094400e+00 9.459200e+00];
Bins.Stroke_Lengths_PENUP_CRITERION.ON_TABLET.absY.Bins5.Percentils       =  [ 1.290000e-01 3.835000e-01 6.815000e-01 1.230000e+00];
Bins.Stroke_Lengths_PENUP_CRITERION.ON_TABLET.absY.Bins5.Quantification   =  [ 5.007500e-01 1.206750e+00 2.265750e+00 4.156000e+00];
% L2 
 Bins.Stroke_Lengths_PENUP_CRITERION.ON_TABLET.L2.Bins5.Uniform            =  [ 6.940828e+00 1.388166e+01 2.082248e+01 2.776331e+01];
Bins.Stroke_Lengths_PENUP_CRITERION.ON_TABLET.L2.Bins5.Percentils         =  [ 2.401192e-01 5.588329e-01 9.212189e-01 1.581541e+00];
Bins.Stroke_Lengths_PENUP_CRITERION.ON_TABLET.L2.Bins5.Quantification     =  [ 6.562646e-01 1.495279e+00 2.746262e+00 5.050967e+00];
% L1 
 Bins.Stroke_Lengths_PENUP_CRITERION.ON_TABLET.L1.Bins5.Uniform            =  [ 7.604900e+00 1.520980e+01 2.281470e+01 3.041960e+01];
Bins.Stroke_Lengths_PENUP_CRITERION.ON_TABLET.L1.Bins5.Percentils         =  [ 3.065000e-01 7.455000e-01 1.256500e+00 2.177500e+00];
Bins.Stroke_Lengths_PENUP_CRITERION.ON_TABLET.L1.Bins5.Quantification     =  [ 8.977500e-01 2.064250e+00 3.781000e+00 6.902250e+00];
% Li 
 Bins.Stroke_Lengths_PENUP_CRITERION.ON_TABLET.Li.Bins5.Uniform            =  [ 6.905500e+00 1.381100e+01 2.071650e+01 2.762200e+01];
Bins.Stroke_Lengths_PENUP_CRITERION.ON_TABLET.Li.Bins5.Percentils         =  [ 2.130000e-01 4.700000e-01 7.695000e-01 1.301000e+00];
Bins.Stroke_Lengths_PENUP_CRITERION.ON_TABLET.Li.Bins5.Quantification     =  [ 5.647500e-01 1.283750e+00 2.381250e+00 4.452000e+00];
% Lin 
 Bins.Stroke_Lengths_PENUP_CRITERION.ON_TABLET.Lin.Bins5.Uniform           =  [ 1.786900e+00 3.573800e+00 5.360700e+00 7.147600e+00];
Bins.Stroke_Lengths_PENUP_CRITERION.ON_TABLET.Lin.Bins5.Percentils        =  [ 7.300000e-02 2.655000e-01 4.845000e-01 8.825000e-01];
Bins.Stroke_Lengths_PENUP_CRITERION.ON_TABLET.Lin.Bins5.Quantification    =  [ 3.152500e-01 7.892500e-01 1.483250e+00 2.750000e+00];
