 % Unidimensional 
 Bins.Stroke_Time_Durations_VX_VY_CRITERION.ON_AIR.Bins5.Uniform             =  [ 2.073000e+00 4.146000e+00 6.219000e+00 8.292000e+00];
Bins.Stroke_Time_Durations_VX_VY_CRITERION.ON_AIR.Bins5.Percentils          =  [ 5.300000e-02 8.300000e-02 1.280000e-01 2.180000e-01];
Bins.Stroke_Time_Durations_VX_VY_CRITERION.ON_AIR.Bins5.Quantification      =  [ 1.540000e-01 3.795000e-01 8.715000e-01 2.161000e+00];
