 % Angle 
 Bins.Inclination.ON_TABLET_ON_AIR.angle_0_360.Bins10.Uniform             =  [ -1.440000e+02 -1.080000e+02 -7.200000e+01 -3.600000e+01 1.421085e-14 36 72 108 144];
Bins.Inclination.ON_TABLET_ON_AIR.angle_0_360.Bins10.Percentils          =  [ -1.293190e+02 -9.381415e+01 -7.132341e+01 -1.820270e+01 5.733918e-01 2.235002e+01 4.379233e+01 6.867146e+01 1.018358e+02];
Bins.Inclination.ON_TABLET_ON_AIR.angle_0_360.Bins10.Quantification      =  [ -1.425563e+02 -1.043802e+02 -6.588100e+01 -2.391062e+01 1.126531e+01 3.955595e+01 6.928205e+01 1.047098e+02 1.460777e+02];
 % Angle Absolute Value 
 Bins.Inclination.ON_TABLET_ON_AIR.angle_0_180.Bins10.Uniform             =  [ 1.800000e+01 36 54 72 90 108 126 144 162];
Bins.Inclination.ON_TABLET_ON_AIR.angle_0_180.Bins10.Percentils          =  [ 1.242527e+01 2.847438e+01 4.385157e+01 5.919222e+01 7.534887e+01 8.967468e+01 1.029407e+02 1.357973e+02 1.678604e+02];
Bins.Inclination.ON_TABLET_ON_AIR.angle_0_180.Bins10.Quantification      =  [ 1.706923e+01 3.688917e+01 5.664364e+01 7.673915e+01 9.494664e+01 1.118986e+02 1.307131e+02 1.500533e+02 1.678427e+02];
 % Angle Absolute Value 
 Bins.Inclination.ON_TABLET_ON_AIR.angle_0_90.Bins10.Uniform             =  [ 9 18 27 36 45 54 63 72 81];
Bins.Inclination.ON_TABLET_ON_AIR.angle_0_90.Bins10.Percentils          =  [ 3.422942e+00 1.230921e+01 2.232201e+01 3.306056e+01 4.395105e+01 5.495618e+01 6.573799e+01 7.604496e+01 8.564991e+01];
Bins.Inclination.ON_TABLET_ON_AIR.angle_0_90.Bins10.Quantification      =  [ 6.688396e+00 1.592662e+01 2.543407e+01 3.506767e+01 4.473949e+01 5.444527e+01 6.414486e+01 7.374842e+01 8.315080e+01];
