 % Unidimensional 
 Bins.Curvature_Window_Size_10.ON_AIR.angle_0_180.Bins8.Uniform             =  [ 2.250000e+01 45 6.750000e+01 90 1.125000e+02 135 1.575000e+02];
Bins.Curvature_Window_Size_10.ON_AIR.angle_0_180.Bins8.Percentils          =  [ 5.450992e-01 1.905170e+00 3.896686e+00 6.979765e+00 1.238529e+01 2.366058e+01 5.520706e+01];
Bins.Curvature_Window_Size_10.ON_AIR.angle_0_180.Bins8.Quantification      =  [ 7.233282e+00 1.902025e+01 3.530085e+01 5.626815e+01 8.163628e+01 1.116431e+02 1.453656e+02];
