 % Unidimensional 
 Bins.Curvature_Window_Size_10.ON_TABLET_ON_AIR.angle_0_180.Bins8.Uniform             =  [ 2.250000e+01 45 6.750000e+01 90 1.125000e+02 135 1.575000e+02];
Bins.Curvature_Window_Size_10.ON_TABLET_ON_AIR.angle_0_180.Bins8.Percentils          =  [ 1.685530e+00 4.942596e+00 1.036011e+01 1.948232e+01 3.437837e+01 5.795139e+01 9.665542e+01];
Bins.Curvature_Window_Size_10.ON_TABLET_ON_AIR.angle_0_180.Bins8.Quantification      =  [ 1.059370e+01 2.599984e+01 4.465043e+01 6.599986e+01 8.998433e+01 1.174582e+02 1.484215e+02];
