 % Unidimensional 
 Bins.Pressure.ON_TABLET_ON_AIR.Bins5.Uniform             =  [ 1.998047e-01 3.996094e-01 5.994141e-01 7.992187e-01];
Bins.Pressure.ON_TABLET_ON_AIR.Bins5.Percentils          =  [ 0 0 3.330078e-01 4.814453e-01];
Bins.Pressure.ON_TABLET_ON_AIR.Bins5.Quantification      =  [ 1.215820e-01 3.139648e-01 4.536133e-01 5.971680e-01];
