 % X 
 Bins.Jerk.ON_TABLET_ON_AIR.X.Bins5.Uniform             =  [ -6.002458e+07 -3.104500e+07 -2.065417e+06 2.691417e+07];
Bins.Jerk.ON_TABLET_ON_AIR.X.Bins5.Percentils          =  [ -1.011905e+04 -1.190476e+03 2.083333e+03 1.011905e+04];
Bins.Jerk.ON_TABLET_ON_AIR.X.Bins5.Quantification      =  [ -1.972343e+07 -3.429060e+06 2.198980e+06 1.805918e+07];
% Y 
 Bins.Jerk.ON_TABLET_ON_AIR.Y.Bins5.Uniform             =  [ -3.816315e+07 -1.872806e+07 7.070297e+05 2.014212e+07];
Bins.Jerk.ON_TABLET_ON_AIR.Y.Bins5.Percentils          =  [ -1.116071e+04 -2.167039e+03 2.120536e+03 1.105442e+04];
Bins.Jerk.ON_TABLET_ON_AIR.Y.Bins5.Quantification      =  [ -3.009503e+06 1.468219e+05 1.756548e+06 1.052917e+07];
% Abs X 
 Bins.Jerk.ON_TABLET_ON_AIR.absX.Bins5.Uniform          =  [ 1.780083e+07 3.560167e+07 5.340250e+07 7.120333e+07];
Bins.Jerk.ON_TABLET_ON_AIR.absX.Bins5.Percentils       =  [ 1.700680e+03 5.102041e+03 1.011905e+04 1.934524e+04];
Bins.Jerk.ON_TABLET_ON_AIR.absX.Bins5.Quantification   =  [ 8.889456e+05 3.752721e+06 1.048036e+07 2.767426e+07];
% Abs Y 
 Bins.Jerk.ON_TABLET_ON_AIR.absY.Bins5.Uniform          =  [ 1.151965e+07 2.303930e+07 3.455895e+07 4.607859e+07];
Bins.Jerk.ON_TABLET_ON_AIR.absY.Bins5.Percentils       =  [ 2.148437e+03 5.952381e+03 1.105442e+04 2.023810e+04];
Bins.Jerk.ON_TABLET_ON_AIR.absY.Bins5.Quantification   =  [ 1.414793e+05 1.341071e+06 5.383801e+06 2.072806e+07];
% L2 
 Bins.Jerk.ON_TABLET_ON_AIR.L2.Bins5.Uniform            =  [ 1.905886e+07 3.811772e+07 5.717658e+07 7.623543e+07];
Bins.Jerk.ON_TABLET_ON_AIR.L2.Bins5.Percentils         =  [ 5.646924e+03 1.117162e+04 1.801763e+04 3.019606e+04];
Bins.Jerk.ON_TABLET_ON_AIR.L2.Bins5.Quantification     =  [ 1.236415e+06 5.130092e+06 1.428055e+07 3.644877e+07];
% L1 
 Bins.Jerk.ON_TABLET_ON_AIR.L1.Bins5.Uniform            =  [ 2.461042e+07 4.922083e+07 7.383125e+07 9.844167e+07];
Bins.Jerk.ON_TABLET_ON_AIR.L1.Bins5.Percentils         =  [ 6.845238e+03 1.398810e+04 2.278912e+04 3.843537e+04];
Bins.Jerk.ON_TABLET_ON_AIR.L1.Bins5.Quantification     =  [ 1.990391e+06 8.964583e+06 2.804447e+07 8.409136e+07];
% Li 
 Bins.Jerk.ON_TABLET_ON_AIR.Li.Bins5.Uniform            =  [ 1.780083e+07 3.560167e+07 5.340250e+07 7.120333e+07];
Bins.Jerk.ON_TABLET_ON_AIR.Li.Bins5.Percentils         =  [ 5.059524e+03 1.003401e+04 1.615646e+04 2.721088e+04];
Bins.Jerk.ON_TABLET_ON_AIR.Li.Bins5.Quantification     =  [ 1.242560e+06 5.218622e+06 1.528168e+07 3.774080e+07];
% Lin 
 Bins.Jerk.ON_TABLET_ON_AIR.Lin.Bins5.Uniform           =  [ 7.875534e+06 1.575107e+07 2.362660e+07 3.150214e+07];
Bins.Jerk.ON_TABLET_ON_AIR.Lin.Bins5.Percentils        =  [ 6.316812e+02 2.721088e+03 5.952381e+03 1.160714e+04];
Bins.Jerk.ON_TABLET_ON_AIR.Lin.Bins5.Quantification    =  [ 1.105982e+05 9.478741e+05 3.692432e+06 1.209879e+07];
