 % X 
 Bins.Normalized_Jerk.ON_AIR.X.Bins5.Uniform             =  [ 4.839618e+03 9.679236e+03 1.451885e+04 1.935847e+04];
Bins.Normalized_Jerk.ON_AIR.X.Bins5.Percentils          =  [ 2.289308e+00 3.163960e+00 4.543122e+00 1.007591e+01];
Bins.Normalized_Jerk.ON_AIR.X.Bins5.Quantification      =  [ 5.904728e+01 2.560109e+02 9.541410e+02 1.596162e+04];
% Y 
 Bins.Normalized_Jerk.ON_AIR.Y.Bins5.Uniform             =  [ 2.101969e+03 4.203938e+03 6.305907e+03 8.407875e+03];
Bins.Normalized_Jerk.ON_AIR.Y.Bins5.Percentils          =  [ 8.194872e-01 2.246489e+00 4.636491e+00 1.125163e+01];
Bins.Normalized_Jerk.ON_AIR.Y.Bins5.Quantification      =  [ 5.782898e+01 2.703868e+02 1.040131e+03 4.193934e+03];
% Abs X 
 Bins.Normalized_Jerk.ON_AIR.absX.Bins5.Uniform          =  [ 4.839618e+03 9.679236e+03 1.451885e+04 1.935847e+04];
Bins.Normalized_Jerk.ON_AIR.absX.Bins5.Percentils       =  [ 2.289308e+00 3.163960e+00 4.543122e+00 1.007591e+01];
Bins.Normalized_Jerk.ON_AIR.absX.Bins5.Quantification   =  [ 5.904728e+01 2.560109e+02 9.541410e+02 1.596162e+04];
% Abs Y 
 Bins.Normalized_Jerk.ON_AIR.absY.Bins5.Uniform          =  [ 2.101969e+03 4.203938e+03 6.305907e+03 8.407875e+03];
Bins.Normalized_Jerk.ON_AIR.absY.Bins5.Percentils       =  [ 8.194872e-01 2.246489e+00 4.636491e+00 1.125163e+01];
Bins.Normalized_Jerk.ON_AIR.absY.Bins5.Quantification   =  [ 5.365380e+01 2.431928e+02 8.844775e+02 3.274995e+03];
% L2 
 Bins.Normalized_Jerk.ON_AIR.L2.Bins5.Uniform            =  [ 4.872995e+03 9.745990e+03 1.461898e+04 1.949198e+04];
Bins.Normalized_Jerk.ON_AIR.L2.Bins5.Percentils         =  [ 3.285369e+00 4.816680e+00 8.512399e+00 1.815125e+01];
Bins.Normalized_Jerk.ON_AIR.L2.Bins5.Quantification     =  [ 8.188706e+01 4.023844e+02 1.903262e+03 1.751860e+04];
% L1 
 Bins.Normalized_Jerk.ON_AIR.L1.Bins5.Uniform            =  [ 5.408985e+03 1.081797e+04 1.622695e+04 2.163594e+04];
Bins.Normalized_Jerk.ON_AIR.L1.Bins5.Percentils         =  [ 4.083698e+00 6.285199e+00 1.058069e+01 2.251014e+01];
Bins.Normalized_Jerk.ON_AIR.L1.Bins5.Quantification     =  [ 8.967078e+01 4.149137e+02 1.820372e+03 1.970468e+04];
% Li 
 Bins.Normalized_Jerk.ON_AIR.Li.Bins5.Uniform            =  [ 4.839618e+03 9.679236e+03 1.451885e+04 1.935847e+04];
Bins.Normalized_Jerk.ON_AIR.Li.Bins5.Percentils         =  [ 2.945329e+00 4.183300e+00 7.739105e+00 1.654995e+01];
Bins.Normalized_Jerk.ON_AIR.Li.Bins5.Quantification     =  [ 7.887512e+01 3.990706e+02 1.846723e+03 1.735397e+04];
% Lin 
 Bins.Normalized_Jerk.ON_AIR.Lin.Bins5.Uniform           =  [ 1.041549e+03 2.083098e+03 3.124646e+03 4.166195e+03];
Bins.Normalized_Jerk.ON_AIR.Lin.Bins5.Percentils        =  [ 6.414394e-01 1.664051e+00 2.788867e+00 5.531391e+00];
Bins.Normalized_Jerk.ON_AIR.Lin.Bins5.Quantification    =  [ 1.937854e+01 8.054391e+01 2.311273e+02 9.114639e+02];
