 % Angle 
 Bins.Inclination.ON_TABLET_ON_AIR.angle_0_360.Bins9.Uniform             =  [ -1.400000e+02 -1.000000e+02 -6.000000e+01 -2.000000e+01 20 60 100 140];
Bins.Inclination.ON_TABLET_ON_AIR.angle_0_360.Bins9.Percentils          =  [ -1.244828e+02 -9.015775e+01 -5.457755e+01 -3.874541e+00 1.243756e+01 3.677768e+01 6.223393e+01 9.386619e+01];
Bins.Inclination.ON_TABLET_ON_AIR.angle_0_360.Bins9.Quantification      =  [ -1.306485e+02 -8.827936e+01 -5.093889e+01 -1.241440e+01 2.287420e+01 5.991464e+01 9.937073e+01 1.433152e+02];
 % Angle Absolute Value 
 Bins.Inclination.ON_TABLET_ON_AIR.angle_0_180.Bins9.Uniform             =  [ 2.000000e+01 40 60 80 100 120 140 160];
Bins.Inclination.ON_TABLET_ON_AIR.angle_0_180.Bins9.Percentils          =  [ 1.425501e+01 3.197957e+01 4.893025e+01 6.623698e+01 8.470455e+01 9.540046e+01 1.270505e+02 1.651479e+02];
Bins.Inclination.ON_TABLET_ON_AIR.angle_0_180.Bins9.Quantification      =  [ 1.732172e+01 3.739362e+01 5.738718e+01 7.774321e+01 9.793529e+01 1.192818e+02 1.425913e+02 1.647396e+02];
 % Angle Absolute Value 
 Bins.Inclination.ON_TABLET_ON_AIR.angle_0_90.Bins9.Uniform             =  [ 10 20 30 40 50 60 70 80];
Bins.Inclination.ON_TABLET_ON_AIR.angle_0_90.Bins9.Percentils          =  [ 4.256338e+00 1.449277e+01 2.584562e+01 3.789236e+01 5.005663e+01 6.217718e+01 7.378302e+01 8.465802e+01];
Bins.Inclination.ON_TABLET_ON_AIR.angle_0_90.Bins9.Quantification      =  [ 7.551994e+00 1.792721e+01 2.866742e+01 3.956031e+01 5.044712e+01 6.128378e+01 7.194476e+01 8.234609e+01];
