 % Unidimensional 
 Bins.Curvature_Window_Size_10.ON_TABLET_ON_AIR.angle_0_180.Bins7.Uniform             =  [ 2.571429e+01 5.142857e+01 7.714286e+01 1.028571e+02 1.285714e+02 1.542857e+02];
Bins.Curvature_Window_Size_10.ON_TABLET_ON_AIR.angle_0_180.Bins7.Percentils          =  [ 2.055421e+00 6.211912e+00 1.370838e+01 2.711394e+01 5.005879e+01 8.943693e+01];
Bins.Curvature_Window_Size_10.ON_TABLET_ON_AIR.angle_0_180.Bins7.Quantification      =  [ 1.239544e+01 3.068714e+01 5.296754e+01 7.856176e+01 1.085549e+02 1.435331e+02];
