 % Unidimensional 
 Bins.Horizontal_Box_Spacing.Bins5.Uniform             =  [ 7.857067e-01 1.562947e+00 2.340187e+00 3.117427e+00];
Bins.Horizontal_Box_Spacing.Bins5.Percentils          =  [ 4.233333e-02 6.773333e-02 1.016000e-01 1.439333e-01];
Bins.Horizontal_Box_Spacing.Bins5.Quantification      =  [ 6.350000e-02 1.312333e-01 2.159000e-01 2.844800e+00];
