 % Unidimensional 
 Bins.Stroke_Time_Durations_VY_CRITERION.ON_AIR.Bins5.Uniform             =  [ 1.276200e+00 2.552400e+00 3.828600e+00 5.104800e+00];
Bins.Stroke_Time_Durations_VY_CRITERION.ON_AIR.Bins5.Percentils          =  [ 2.200000e-02 5.300000e-02 8.300000e-02 1.430000e-01];
Bins.Stroke_Time_Durations_VY_CRITERION.ON_AIR.Bins5.Quantification      =  [ 6.400000e-02 1.765000e-01 4.320000e-01 1.161500e+00];
