 % X 
 Bins.Speed.ON_AIR.X.Bins5.Uniform             =  [ -8.097250e+02 6.011250e+01 9.299500e+02 1.799788e+03];
Bins.Speed.ON_AIR.X.Bins5.Percentils          =  [ -1.187500e+00 0 2.142857e-01 2.285714e+00];
Bins.Speed.ON_AIR.X.Bins5.Quantification      =  [ 1.165179e+00 8.098214e+00 1.139420e+02 6.996563e+02];
% Y 
 Bins.Speed.ON_AIR.Y.Bins5.Uniform             =  [ -4.834339e+02 8.334643e+01 6.501268e+02 1.216907e+03];
Bins.Speed.ON_AIR.Y.Bins5.Percentils          =  [ -7.857143e-01 0 2.857143e-01 1.750000e+00];
Bins.Speed.ON_AIR.Y.Bins5.Quantification      =  [ -2.256250e+02 -2.930357e+01 2.031250e+00 8.192187e+02];
% Abs X 
 Bins.Speed.ON_AIR.absX.Bins5.Uniform          =  [ 5.339250e+02 1.067850e+03 1.601775e+03 2.135700e+03];
Bins.Speed.ON_AIR.absX.Bins5.Percentils       =  [ 6.250000e-02 5.714286e-01 1.687500e+00 3.750000e+00];
Bins.Speed.ON_AIR.absX.Bins5.Quantification   =  [ 3.401538e+00 1.159821e+01 1.258437e+02 6.961875e+02];
% Abs Y 
 Bins.Speed.ON_AIR.absY.Bins5.Uniform          =  [ 3.567375e+02 7.134750e+02 1.070213e+03 1.426950e+03];
Bins.Speed.ON_AIR.absY.Bins5.Percentils       =  [ 0 4.375000e-01 1.312500e+00 2.785714e+00];
Bins.Speed.ON_AIR.absY.Bins5.Quantification   =  [ 2.468750e+00 8.267857e+00 8.806250e+01 5.226027e+02];
% L2 
 Bins.Speed.ON_AIR.L2.Bins5.Uniform            =  [ 5.716724e+02 1.143345e+03 1.715017e+03 2.286689e+03];
Bins.Speed.ON_AIR.L2.Bins5.Percentils         =  [ 4.881406e-01 1.437500e+00 2.812500e+00 5.187500e+00];
Bins.Speed.ON_AIR.L2.Bins5.Quantification     =  [ 4.238904e+00 1.333888e+01 1.338338e+02 7.251195e+02];
% L1 
 Bins.Speed.ON_AIR.L1.Bins5.Uniform            =  [ 7.382125e+02 1.476425e+03 2.214637e+03 2.952850e+03];
Bins.Speed.ON_AIR.L1.Bins5.Percentils         =  [ 5.625000e-01 1.714286e+00 3.375000e+00 6.375000e+00];
Bins.Speed.ON_AIR.L1.Bins5.Quantification     =  [ 5.098214e+00 1.596875e+01 1.617857e+02 8.491562e+02];
% Li 
 Bins.Speed.ON_AIR.Li.Bins5.Uniform            =  [ 5.339250e+02 1.067850e+03 1.601775e+03 2.135700e+03];
Bins.Speed.ON_AIR.Li.Bins5.Percentils         =  [ 4.375000e-01 1.312500e+00 2.571429e+00 4.714286e+00];
Bins.Speed.ON_AIR.Li.Bins5.Quantification     =  [ 5.334821e+00 4.746875e+01 1.978438e+02 7.817277e+02];
% Lin 
 Bins.Speed.ON_AIR.Lin.Bins5.Uniform           =  [ 2.418250e+02 4.836500e+02 7.254750e+02 9.673000e+02];
Bins.Speed.ON_AIR.Lin.Bins5.Percentils        =  [ 0 1.428571e-01 5.714286e-01 1.687500e+00];
Bins.Speed.ON_AIR.Lin.Bins5.Quantification    =  [ 2.299107e+00 3.764286e+01 1.791786e+02 8.489375e+02];
