 % X 
 Bins.Speed.ON_TABLET.X.Bins5.Uniform             =  [ -1.477143e+01 1.000000e-01 1.497143e+01 2.984286e+01];
Bins.Speed.ON_TABLET.X.Bins5.Percentils          =  [ -4.375000e-01 0 7.857143e-01 2.125000e+00];
Bins.Speed.ON_TABLET.X.Bins5.Quantification      =  [ -2.767857e+00 -5.982143e-01 1.319556e+00 4.031250e+00];
% Y 
 Bins.Speed.ON_TABLET.Y.Bins5.Uniform             =  [ -1.795714e+01 -8.128571e+00 1.700000e+00 1.152857e+01];
Bins.Speed.ON_TABLET.Y.Bins5.Percentils          =  [ -2.062500e+00 -3.125000e-01 0 1.571429e+00];
Bins.Speed.ON_TABLET.Y.Bins5.Quantification      =  [ -6.598214e+00 -3.031250e+00 -7.004442e-01 1.969340e+00];
% Abs X 
 Bins.Speed.ON_TABLET.absX.Bins5.Uniform          =  [ 8.942857e+00 1.788571e+01 2.682857e+01 3.577143e+01];
Bins.Speed.ON_TABLET.absX.Bins5.Percentils       =  [ 6.250000e-02 6.428571e-01 1.428571e+00 2.562500e+00];
Bins.Speed.ON_TABLET.absX.Bins5.Quantification   =  [ 8.348214e-01 2.155429e+00 3.901786e+00 6.834821e+00];
% Abs Y 
 Bins.Speed.ON_TABLET.absY.Bins5.Uniform          =  [ 5.557143e+00 1.111429e+01 1.667143e+01 2.222857e+01];
Bins.Speed.ON_TABLET.absY.Bins5.Percentils       =  [ 1.428571e-01 9.285714e-01 1.812500e+00 3.062500e+00];
Bins.Speed.ON_TABLET.absY.Bins5.Quantification   =  [ 9.595101e-01 2.409201e+00 4.401786e+00 7.732143e+00];
% L2 
 Bins.Speed.ON_TABLET.L2.Bins5.Uniform            =  [ 8.976068e+00 1.795214e+01 2.692820e+01 3.590427e+01];
Bins.Speed.ON_TABLET.L2.Bins5.Percentils         =  [ 8.689661e-01 1.816805e+00 2.774043e+00 4.142857e+00];
Bins.Speed.ON_TABLET.L2.Bins5.Quantification     =  [ 1.409428e+00 3.059947e+00 5.138131e+00 8.523976e+00];
% L1 
 Bins.Speed.ON_TABLET.L1.Bins5.Uniform            =  [ 9.714286e+00 1.942857e+01 2.914286e+01 3.885714e+01];
Bins.Speed.ON_TABLET.L1.Bins5.Percentils         =  [ 1.000000e+00 2.142857e+00 3.375000e+00 5.187500e+00];
Bins.Speed.ON_TABLET.L1.Bins5.Quantification     =  [ 1.678303e+00 3.700893e+00 6.267857e+00 1.033482e+01];
% Li 
 Bins.Speed.ON_TABLET.Li.Bins5.Uniform            =  [ 8.942857e+00 1.788571e+01 2.682857e+01 3.577143e+01];
Bins.Speed.ON_TABLET.Li.Bins5.Percentils         =  [ 8.125000e-01 1.642857e+00 2.500000e+00 3.750000e+00];
Bins.Speed.ON_TABLET.Li.Bins5.Quantification     =  [ 1.457504e+00 3.089286e+00 5.165179e+00 8.598214e+00];
% Lin 
 Bins.Speed.ON_TABLET.Lin.Bins5.Uniform           =  [ 3.214286e+00 6.428571e+00 9.642857e+00 1.285714e+01];
Bins.Speed.ON_TABLET.Lin.Bins5.Percentils        =  [ 0 2.142857e-01 7.500000e-01 1.562500e+00];
Bins.Speed.ON_TABLET.Lin.Bins5.Quantification    =  [ 5.794036e-01 1.511364e+00 2.665179e+00 4.401786e+00];
