 % Angle 
 Bins.Inclination.ON_TABLET.angle_0_360.Bins7.Uniform             =  [ -1.285714e+02 -7.714286e+01 -2.571429e+01 2.571429e+01 7.714286e+01 1.285714e+02];
Bins.Inclination.ON_TABLET.angle_0_360.Bins7.Percentils          =  [ -1.073108e+02 -8.783621e+01 -4.299015e+01 5.708708e+00 4.165258e+01 7.417788e+01];
Bins.Inclination.ON_TABLET.angle_0_360.Bins7.Quantification      =  [ -1.170211e+02 -7.466277e+01 -2.808269e+01 2.019295e+01 6.241292e+01 1.192043e+02];
 % Angle Absolute Value 
 Bins.Inclination.ON_TABLET.angle_0_180.Bins7.Uniform             =  [ 2.571429e+01 5.142857e+01 7.714286e+01 1.028571e+02 1.285714e+02 1.542857e+02];
Bins.Inclination.ON_TABLET.angle_0_180.Bins7.Percentils          =  [ 3.167525e+01 5.222388e+01 7.061657e+01 8.838796e+01 1.009893e+02 1.429955e+02];
Bins.Inclination.ON_TABLET.angle_0_180.Bins7.Quantification      =  [ 3.484448e+01 6.634701e+01 9.118929e+01 1.117047e+02 1.357183e+02 1.616934e+02];
 % Angle Absolute Value 
 Bins.Inclination.ON_TABLET.angle_0_90.Bins7.Uniform             =  [ 1.285714e+01 2.571429e+01 3.857143e+01 5.142857e+01 6.428571e+01 7.714286e+01];
Bins.Inclination.ON_TABLET.angle_0_90.Bins7.Percentils          =  [ 1.376534e+01 3.314161e+01 4.851767e+01 6.208222e+01 7.399241e+01 8.478972e+01];
Bins.Inclination.ON_TABLET.angle_0_90.Bins7.Quantification      =  [ 1.192169e+01 2.715974e+01 4.142797e+01 5.501975e+01 6.809886e+01 8.068131e+01];
