 % X 
 Bins.Normalized_Jerk.ON_TABLET.X.Bins5.Uniform             =  [ 6.974654e+02 1.394931e+03 2.092396e+03 2.789862e+03];
Bins.Normalized_Jerk.ON_TABLET.X.Bins5.Percentils          =  [ 1.859245e+00 2.806046e+00 3.693364e+00 5.678903e+00];
Bins.Normalized_Jerk.ON_TABLET.X.Bins5.Quantification      =  [ 8.690052e+00 3.986087e+01 1.146320e+02 2.572730e+02];
% Y 
 Bins.Normalized_Jerk.ON_TABLET.Y.Bins5.Uniform             =  [ 2.214393e+03 4.428785e+03 6.643178e+03 8.857571e+03];
Bins.Normalized_Jerk.ON_TABLET.Y.Bins5.Percentils          =  [ 1.377436e+00 2.972362e+00 5.345328e+00 1.128827e+01];
Bins.Normalized_Jerk.ON_TABLET.Y.Bins5.Quantification      =  [ 1.497851e+01 4.995663e+01 1.191543e+02 2.547165e+02];
% Abs X 
 Bins.Normalized_Jerk.ON_TABLET.absX.Bins5.Uniform          =  [ 6.974654e+02 1.394931e+03 2.092396e+03 2.789862e+03];
Bins.Normalized_Jerk.ON_TABLET.absX.Bins5.Percentils       =  [ 1.859245e+00 2.806046e+00 3.693364e+00 5.678903e+00];
Bins.Normalized_Jerk.ON_TABLET.absX.Bins5.Quantification   =  [ 1.825781e+01 6.312021e+01 1.454329e+02 2.975784e+02];
% Abs Y 
 Bins.Normalized_Jerk.ON_TABLET.absY.Bins5.Uniform          =  [ 2.214393e+03 4.428785e+03 6.643178e+03 8.857571e+03];
Bins.Normalized_Jerk.ON_TABLET.absY.Bins5.Percentils       =  [ 1.377436e+00 2.972362e+00 5.345328e+00 1.128827e+01];
Bins.Normalized_Jerk.ON_TABLET.absY.Bins5.Quantification   =  [ 1.497851e+01 4.995663e+01 1.191543e+02 2.547165e+02];
% L2 
 Bins.Normalized_Jerk.ON_TABLET.L2.Bins5.Uniform            =  [ 2.220110e+03 4.440220e+03 6.660331e+03 8.880441e+03];
Bins.Normalized_Jerk.ON_TABLET.L2.Bins5.Percentils         =  [ 3.388281e+00 4.713870e+00 6.988349e+00 1.378265e+01];
Bins.Normalized_Jerk.ON_TABLET.L2.Bins5.Quantification     =  [ 2.643996e+01 9.194697e+01 2.297326e+02 3.876862e+03];
% L1 
 Bins.Normalized_Jerk.ON_TABLET.L1.Bins5.Uniform            =  [ 2.373623e+03 4.747246e+03 7.120869e+03 9.494492e+03];
Bins.Normalized_Jerk.ON_TABLET.L1.Bins5.Percentils         =  [ 4.309285e+00 6.213388e+00 9.086244e+00 1.703671e+01];
Bins.Normalized_Jerk.ON_TABLET.L1.Bins5.Quantification     =  [ 3.277228e+01 1.137023e+02 2.864929e+02 5.146452e+03];
% Li 
 Bins.Normalized_Jerk.ON_TABLET.Li.Bins5.Uniform            =  [ 2.214393e+03 4.428785e+03 6.643178e+03 8.857571e+03];
Bins.Normalized_Jerk.ON_TABLET.Li.Bins5.Percentils         =  [ 2.950259e+00 4.077661e+00 6.195167e+00 1.280764e+01];
Bins.Normalized_Jerk.ON_TABLET.Li.Bins5.Quantification     =  [ 2.435937e+01 8.504213e+01 2.145560e+02 5.163055e+03];
% Lin 
 Bins.Normalized_Jerk.ON_TABLET.Lin.Bins5.Uniform           =  [ 6.974654e+02 1.394931e+03 2.092396e+03 2.789862e+03];
Bins.Normalized_Jerk.ON_TABLET.Lin.Bins5.Percentils        =  [ 8.765010e-01 1.832684e+00 2.788867e+00 4.436833e+00];
Bins.Normalized_Jerk.ON_TABLET.Lin.Bins5.Quantification    =  [ 1.563172e+01 5.638460e+01 1.370658e+02 2.509757e+03];
