 % X 
 Bins.Normalized_Jerk.ON_TABLET.X.Bins4.Uniform             =  [ 8.718318e+02 1.743664e+03 2.615495e+03];
Bins.Normalized_Jerk.ON_TABLET.X.Bins4.Percentils          =  [ 2.145282e+00 3.245087e+00 4.823986e+00];
Bins.Normalized_Jerk.ON_TABLET.X.Bins4.Quantification      =  [ 2.616323e+01 9.917907e+01 2.469235e+02];
% Y 
 Bins.Normalized_Jerk.ON_TABLET.Y.Bins4.Uniform             =  [ 2.767991e+03 5.535982e+03 8.303973e+03];
Bins.Normalized_Jerk.ON_TABLET.Y.Bins4.Percentils          =  [ 1.751980e+00 3.975619e+00 9.028956e+00];
Bins.Normalized_Jerk.ON_TABLET.Y.Bins4.Quantification      =  [ 2.249897e+01 8.189806e+01 2.113624e+02];
% Abs X 
 Bins.Normalized_Jerk.ON_TABLET.absX.Bins4.Uniform          =  [ 8.718318e+02 1.743664e+03 2.615495e+03];
Bins.Normalized_Jerk.ON_TABLET.absX.Bins4.Percentils       =  [ 2.145282e+00 3.245087e+00 4.823986e+00];
Bins.Normalized_Jerk.ON_TABLET.absX.Bins4.Quantification   =  [ 9.752480e+00 5.674799e+01 1.836290e+02];
% Abs Y 
 Bins.Normalized_Jerk.ON_TABLET.absY.Bins4.Uniform          =  [ 2.767991e+03 5.535982e+03 8.303973e+03];
Bins.Normalized_Jerk.ON_TABLET.absY.Bins4.Percentils       =  [ 1.751980e+00 3.975619e+00 9.028956e+00];
Bins.Normalized_Jerk.ON_TABLET.absY.Bins4.Quantification   =  [ 2.135069e+01 7.758851e+01 2.030796e+02];
% L2 
 Bins.Normalized_Jerk.ON_TABLET.L2.Bins4.Uniform            =  [ 2.775138e+03 5.550275e+03 8.325413e+03];
Bins.Normalized_Jerk.ON_TABLET.L2.Bins4.Percentils         =  [ 3.703632e+00 5.620148e+00 1.116974e+01];
Bins.Normalized_Jerk.ON_TABLET.L2.Bins4.Quantification     =  [ 2.701527e+01 9.440709e+01 2.369205e+02];
% L1 
 Bins.Normalized_Jerk.ON_TABLET.L1.Bins4.Uniform            =  [ 2.967029e+03 5.934057e+03 8.901086e+03];
Bins.Normalized_Jerk.ON_TABLET.L1.Bins4.Percentils         =  [ 4.770278e+00 7.415979e+00 1.394433e+01];
Bins.Normalized_Jerk.ON_TABLET.L1.Bins4.Quantification     =  [ 1.071943e+02 5.146452e+03 9.736740e+03];
% Li 
 Bins.Normalized_Jerk.ON_TABLET.Li.Bins4.Uniform            =  [ 2.767991e+03 5.535982e+03 8.303973e+03];
Bins.Normalized_Jerk.ON_TABLET.Li.Bins4.Percentils         =  [ 3.227117e+00 4.880517e+00 1.022203e+01];
Bins.Normalized_Jerk.ON_TABLET.Li.Bins4.Quantification     =  [ 2.738613e+01 9.558841e+01 2.361042e+02];
% Lin 
 Bins.Normalized_Jerk.ON_TABLET.Lin.Bins4.Uniform           =  [ 8.718318e+02 1.743664e+03 2.615495e+03];
Bins.Normalized_Jerk.ON_TABLET.Lin.Bins4.Percentils        =  [ 1.135781e+00 2.286871e+00 3.823446e+00];
Bins.Normalized_Jerk.ON_TABLET.Lin.Bins4.Quantification    =  [ 7.774823e+00 3.693061e+01 1.121244e+02];
