 % Unidimensional 
 Bins.Curvature_Window_Size_10.ON_TABLET.angle_0_180.Bins6.Uniform             =  [ 30 60 90 120 150];
Bins.Curvature_Window_Size_10.ON_TABLET.angle_0_180.Bins6.Percentils          =  [ 4.945388e+00 1.430067e+01 2.959448e+01 5.234830e+01 8.755827e+01];
Bins.Curvature_Window_Size_10.ON_TABLET.angle_0_180.Bins6.Quantification      =  [ 1.713912e+01 4.007692e+01 6.683110e+01 9.833901e+01 1.372088e+02];
