 % Unidimensional 
 Bins.Curvature_Window_Size_10.ON_TABLET_ON_AIR.angle_0_180.Bins6.Uniform             =  [ 30 60 90 120 150];
Bins.Curvature_Window_Size_10.ON_TABLET_ON_AIR.angle_0_180.Bins6.Percentils          =  [ 2.592875e+00 8.228953e+00 1.948232e+01 4.106743e+01 8.118338e+01];
Bins.Curvature_Window_Size_10.ON_TABLET_ON_AIR.angle_0_180.Bins6.Quantification      =  [ 1.512902e+01 3.784757e+01 6.576016e+01 9.887147e+01 1.380930e+02];
