 % Unidimensional 
 Bins.Curvature_Window_Size_10.ON_TABLET.angle_0_180.Bins5.Uniform             =  [ 36 72 108 144];
Bins.Curvature_Window_Size_10.ON_TABLET.angle_0_180.Bins5.Percentils          =  [ 6.406669e+00 1.964462e+01 4.222412e+01 7.886290e+01];
Bins.Curvature_Window_Size_10.ON_TABLET.angle_0_180.Bins5.Quantification      =  [ 2.139725e+01 5.052657e+01 8.520958e+01 1.292031e+02];
