 % Unidimensional 
 Bins.Stroke_Time_Durations_PENUP_CRITERION.ON_AIR.Bins5.Uniform             =  [ 5.330400e+00 1.064580e+01 1.596120e+01 2.127660e+01];
Bins.Stroke_Time_Durations_PENUP_CRITERION.ON_AIR.Bins5.Percentils          =  [ 8.300000e-02 1.130000e-01 1.880000e-01 3.910000e-01];
Bins.Stroke_Time_Durations_PENUP_CRITERION.ON_AIR.Bins5.Quantification      =  [ 4.245000e-01 1.311500e+00 3.179500e+00 7.779500e+00];
