 % X 
 Bins.Speed.ON_TABLET_ON_AIR.X.Bins5.Uniform             =  [ -8.097250e+02 6.011250e+01 9.299500e+02 1.799788e+03];
Bins.Speed.ON_TABLET_ON_AIR.X.Bins5.Percentils          =  [ -7.142857e-01 0 5.000000e-01 2.142857e+00];
Bins.Speed.ON_TABLET_ON_AIR.X.Bins5.Quantification      =  [ -5.218571e+02 1.022086e+00 7.098214e+00 1.563795e+02];
% Y 
 Bins.Speed.ON_TABLET_ON_AIR.Y.Bins5.Uniform             =  [ -4.834339e+02 8.334643e+01 6.501268e+02 1.216907e+03];
Bins.Speed.ON_TABLET_ON_AIR.Y.Bins5.Percentils          =  [ -1.642857e+00 0 1.250000e-01 1.642857e+00];
Bins.Speed.ON_TABLET_ON_AIR.Y.Bins5.Quantification      =  [ -5.165179e+00 -1.060662e+00 2.323214e+00 9.328125e+01];
% Abs X 
 Bins.Speed.ON_TABLET_ON_AIR.absX.Bins5.Uniform          =  [ 5.339250e+02 1.067850e+03 1.601775e+03 2.135700e+03];
Bins.Speed.ON_TABLET_ON_AIR.absX.Bins5.Percentils       =  [ 6.250000e-02 6.250000e-01 1.500000e+00 2.928571e+00];
Bins.Speed.ON_TABLET_ON_AIR.absX.Bins5.Quantification   =  [ 2.370833e+00 8.401786e+00 1.208973e+02 6.961875e+02];
% Abs Y 
 Bins.Speed.ON_TABLET_ON_AIR.absY.Bins5.Uniform          =  [ 3.567375e+02 7.134750e+02 1.070213e+03 1.426950e+03];
Bins.Speed.ON_TABLET_ON_AIR.absY.Bins5.Percentils       =  [ 6.250000e-02 6.875000e-01 1.642857e+00 2.937500e+00];
Bins.Speed.ON_TABLET_ON_AIR.absY.Bins5.Quantification   =  [ 1.892081e+00 5.732143e+00 8.386161e+01 5.226027e+02];
% L2 
 Bins.Speed.ON_TABLET_ON_AIR.L2.Bins5.Uniform            =  [ 5.716724e+02 1.143345e+03 1.715017e+03 2.286689e+03];
Bins.Speed.ON_TABLET_ON_AIR.L2.Bins5.Percentils         =  [ 6.434769e-01 1.687500e+00 2.785714e+00 4.442949e+00];
Bins.Speed.ON_TABLET_ON_AIR.L2.Bins5.Quantification     =  [ 4.722125e+00 4.793420e+01 2.079460e+02 7.892372e+02];
% L1 
 Bins.Speed.ON_TABLET_ON_AIR.L1.Bins5.Uniform            =  [ 7.382125e+02 1.476425e+03 2.214637e+03 2.952850e+03];
Bins.Speed.ON_TABLET_ON_AIR.L1.Bins5.Percentils         =  [ 7.500000e-01 2.000000e+00 3.375000e+00 5.562500e+00];
Bins.Speed.ON_TABLET_ON_AIR.L1.Bins5.Quantification     =  [ 3.839744e+00 1.083482e+01 1.501339e+02 8.491562e+02];
% Li 
 Bins.Speed.ON_TABLET_ON_AIR.Li.Bins5.Uniform            =  [ 5.339250e+02 1.067850e+03 1.601775e+03 2.135700e+03];
Bins.Speed.ON_TABLET_ON_AIR.Li.Bins5.Percentils         =  [ 6.250000e-01 1.562500e+00 2.562500e+00 4.062500e+00];
Bins.Speed.ON_TABLET_ON_AIR.Li.Bins5.Quantification     =  [ 4.418831e+00 4.423661e+01 1.947500e+02 7.817277e+02];
% Lin 
 Bins.Speed.ON_TABLET_ON_AIR.Lin.Bins5.Uniform           =  [ 2.418250e+02 4.836500e+02 7.254750e+02 9.673000e+02];
Bins.Speed.ON_TABLET_ON_AIR.Lin.Bins5.Percentils        =  [ 0 1.875000e-01 6.875000e-01 1.571429e+00];
Bins.Speed.ON_TABLET_ON_AIR.Lin.Bins5.Quantification    =  [ 1.121324e+00 3.707143e+00 7.217857e+01 4.525670e+02];
