 % Unidimensional 
 Bins.Curvature_Window_Size_10.ON_TABLET.angle_0_180.Bins10.Uniform             =  [ 18 36 54 72 90 108 126 144 162];
Bins.Curvature_Window_Size_10.ON_TABLET.angle_0_180.Bins10.Percentils          =  [ 2.512644e+00 6.406669e+00 1.199288e+01 1.964462e+01 2.959448e+01 4.222412e+01 5.807533e+01 7.886290e+01 1.118650e+02];
Bins.Curvature_Window_Size_10.ON_TABLET.angle_0_180.Bins10.Quantification      =  [ 9.963622e+00 2.265104e+01 3.696835e+01 5.249462e+01 6.911926e+01 8.702261e+01 1.069940e+02 1.297711e+02 1.548753e+02];
