 % X 
Bins.Acceleration.ON_TABLET.X.Bins5.Uniform             =  [ -8.302381e+02 -2.819048e+02 2.664286e+02 ];
Bins.Acceleration.ON_TABLET.X.Bins5.Percentils          =  [ -4.166667e+01 -2.380952e+00 8.333333e+00 5.000000e+01];
Bins.Acceleration.ON_TABLET.X.Bins5.Quantification      =  [ -7.132085e+01 1.250000e+01 8.035714e+01 1.886905e+02];
% Y 
Bins.Acceleration.ON_TABLET.Y.Bins5.Uniform             =  [ -8.476190e+02 -3.309524e+02 1.857143e+02 7.023810e+02];
Bins.Acceleration.ON_TABLET.Y.Bins5.Percentils          =  [ -6.071429e+01 -9.523810e+00 1.071429e+01 6.428571e+01];
Bins.Acceleration.ON_TABLET.Y.Bins5.Quantification      =  [ -1.684524e+02 -4.821429e+01 3.750000e+01 1.470238e+02];
% Abs X 
Bins.Acceleration.ON_TABLET.absX.Bins5.Uniform          =  [ 2.757143e+02 5.514286e+02 8.271429e+02 1.102857e+03];
Bins.Acceleration.ON_TABLET.absX.Bins5.Percentils       =  [ 5.952381e+00 2.261905e+01 4.687500e+01 8.928571e+01];
Bins.Acceleration.ON_TABLET.absX.Bins5.Quantification   =  [ 3.066104e+01 7.834821e+01 1.446429e+02 2.541667e+02];
% Abs Y 
Bins.Acceleration.ON_TABLET.absY.Bins5.Uniform          =  [ 2.728571e+02 5.457143e+02 8.185714e+02 1.091429e+03];
Bins.Acceleration.ON_TABLET.absY.Bins5.Percentils       =  [ 9.523810e+00 3.214286e+01 6.309524e+01 1.130952e+02];
Bins.Acceleration.ON_TABLET.absY.Bins5.Quantification   =  [ 3.614578e+01 8.869048e+01 1.601190e+02 2.744048e+02];
% L2 
Bins.Acceleration.ON_TABLET.L2.Bins5.Uniform            =  [ 3.532134e+02 7.064268e+02 1.059640e+03 1.412854e+03];
Bins.Acceleration.ON_TABLET.L2.Bins5.Percentils         =  [ 2.976190e+01 6.101758e+01 9.797409e+01 1.539769e+02];
Bins.Acceleration.ON_TABLET.L2.Bins5.Quantification     =  [ 5.341244e+01 1.138726e+02 1.904557e+02 3.094116e+02];
% L1 
Bins.Acceleration.ON_TABLET.L1.Bins5.Uniform            =  [ 4.978571e+02 9.957143e+02 1.493571e+03 1.991429e+03];
Bins.Acceleration.ON_TABLET.L1.Bins5.Percentils         =  [ 3.571429e+01 7.500000e+01 1.202381e+02 1.904762e+02];
Bins.Acceleration.ON_TABLET.L1.Bins5.Quantification     =  [ 6.828398e+01 1.470238e+02 2.446429e+02 3.934524e+02];
% Li 
Bins.Acceleration.ON_TABLET.Li.Bins5.Uniform            =  [ 2.757143e+02 5.514286e+02 8.271429e+02 1.102857e+03];
Bins.Acceleration.ON_TABLET.Li.Bins5.Percentils         =  [ 2.738095e+01 5.595238e+01 8.928571e+01 1.416667e+02];
Bins.Acceleration.ON_TABLET.Li.Bins5.Quantification     =  [ 4.861805e+01 1.041667e+02 1.767857e+02 2.910714e+02];
% Lin 
Bins.Acceleration.ON_TABLET.Lin.Bins5.Uniform           =  [ 2.285714e+02 4.571429e+02 6.857143e+02 9.142857e+02];
Bins.Acceleration.ON_TABLET.Lin.Bins5.Percentils        =  [ 0 1.071429e+01 2.619048e+01 5.238095e+01];
Bins.Acceleration.ON_TABLET.Lin.Bins5.Quantification    =  [ 1.940434e+01 5.178571e+01 9.330357e+01 1.589286e+02];
