 % Angle 
 Bins.Inclination.ON_TABLET.angle_0_360.Bins9.Uniform             =  [ -1.400000e+02 -1.000000e+02 -6.000000e+01 -2.000000e+01 2.000000e+01 6.000000e+01 1.000000e+02 1.400000e+02];
Bins.Inclination.ON_TABLET.angle_0_360.Bins9.Percentils          =  [ -1.147624e+02 -9.150598e+01 -7.772987e+01 -3.408143e+01 5.281411e-01 3.230292e+01 5.419201e+01 8.482187e+01];
Bins.Inclination.ON_TABLET.angle_0_360.Bins9.Quantification      =  [ -1.355536e+02 -1.015105e+02 -6.808103e+01 -2.651293e+01 1.340379e+01 4.452070e+01 7.526000e+01 1.252336e+02];
 % Angle Absolute Value 
 Bins.Inclination.ON_TABLET.angle_0_180.Bins9.Uniform             =  [ 2.000000e+01 4.000000e+01 6.000000e+01 80 1.000000e+02 120 140 160];
Bins.Inclination.ON_TABLET.angle_0_180.Bins9.Percentils          =  [ 2.605929e+01 4.360282e+01 5.846848e+01 7.263708e+01 8.687176e+01 9.280623e+01 1.145040e+02 1.564996e+02];
Bins.Inclination.ON_TABLET.angle_0_180.Bins9.Quantification      =  [ 1.783397e+01 3.585036e+01 5.215992e+01 6.794157e+01 8.363832e+01 1.029433e+02 1.290177e+02 1.585951e+02];
 % Angle Absolute Value 
 Bins.Inclination.ON_TABLET.angle_0_90.Bins9.Uniform             =  [ 10 20 30 40 50 60 70 80];
Bins.Inclination.ON_TABLET.angle_0_90.Bins9.Percentils          =  [ 8.955204e+00 2.526211e+01 3.853298e+01 5.010360e+01 6.065022e+01 7.019704e+01 7.892473e+01 8.699637e+01];
Bins.Inclination.ON_TABLET.angle_0_90.Bins9.Quantification      =  [ 8.818036e+00 2.068840e+01 3.214367e+01 4.301542e+01 5.352064e+01 6.373713e+01 7.361942e+01 8.317093e+01];
