 % Angle 
 Bins.Inclination.ON_TABLET.angle_0_360.Bins10.Uniform             =  [ -1.440000e+02 -1.080000e+02 -7.200000e+01 -3.600000e+01 3.410605e-13 3.600000e+01 7.200000e+01 1.080000e+02 1.440000e+02];
Bins.Inclination.ON_TABLET.angle_0_360.Bins10.Percentils          =  [ -1.175904e+02 -9.508569e+01 -8.481390e+01 -5.730253e+01 -6.542410e+00 1.564961e+01 3.892152e+01 5.906344e+01 8.832101e+01];
Bins.Inclination.ON_TABLET.angle_0_360.Bins10.Quantification      =  [ -1.221365e+02 -8.717922e+01 -5.677889e+01 -2.132691e+01 1.060167e+01 3.545852e+01 5.831002e+01 8.371622e+01 1.289632e+02];
 % Angle Absolute Value 
 Bins.Inclination.ON_TABLET.angle_0_180.Bins10.Uniform             =  [ 1.800000e+01 3.600000e+01 5.400000e+01 72 90 1.080000e+02 126 144 162];
Bins.Inclination.ON_TABLET.angle_0_180.Bins10.Percentils          =  [ 2.387373e+01 4.045526e+01 5.413311e+01 6.697043e+01 7.990041e+01 8.980100e+01 9.851916e+01 1.209780e+02 1.610076e+02];
Bins.Inclination.ON_TABLET.angle_0_180.Bins10.Quantification      =  [ 2.075018e+01 4.114053e+01 5.976474e+01 7.816216e+01 9.477526e+01 1.102776e+02 1.279446e+02 1.474586e+02 1.668396e+02];
 % Angle Absolute Value 
 Bins.Inclination.ON_TABLET.angle_0_90.Bins10.Uniform             =  [ 9 18 27 36 45 54 63 72 81];
Bins.Inclination.ON_TABLET.angle_0_90.Bins10.Percentils          =  [ 7.331356e+00 2.223997e+01 3.480390e+01 4.560993e+01 5.550698e+01 6.459007e+01 7.286044e+01 8.058568e+01 8.768459e+01];
Bins.Inclination.ON_TABLET.angle_0_90.Bins10.Quantification      =  [ 7.837276e+00 1.855482e+01 2.901454e+01 3.894883e+01 4.851638e+01 5.780419e+01 6.679140e+01 7.549937e+01 8.398857e+01];
