 % X 
 Bins.Stroke_Lengths_VY_CRITERION.ON_TABLET_ON_AIR.X.Bins5.Uniform             =  [ 4.584900e+00 9.169800e+00 1.375470e+01 1.833960e+01];
Bins.Stroke_Lengths_VY_CRITERION.ON_TABLET_ON_AIR.X.Bins5.Percentils          =  [ 2.700000e-02 7.700000e-02 1.370000e-01 2.430000e-01];
Bins.Stroke_Lengths_VY_CRITERION.ON_TABLET_ON_AIR.X.Bins5.Quantification      =  [ 3.277500e-01 1.217250e+00 4.893250e+00 1.017275e+01];
% Y 
 Bins.Stroke_Lengths_VY_CRITERION.ON_TABLET_ON_AIR.Y.Bins5.Uniform             =  [ 2.853900e+00 5.707800e+00 8.561700e+00 1.141560e+01];
Bins.Stroke_Lengths_VY_CRITERION.ON_TABLET_ON_AIR.Y.Bins5.Percentils          =  [ 1.900000e-02 7.950000e-02 1.595000e-01 2.730000e-01];
Bins.Stroke_Lengths_VY_CRITERION.ON_TABLET_ON_AIR.Y.Bins5.Quantification      =  [ 1.512500e-01 4.367500e-01 1.256250e+00 3.868000e+00];
% Abs X 
 Bins.Stroke_Lengths_VY_CRITERION.ON_TABLET_ON_AIR.absX.Bins5.Uniform          =  [ 4.584900e+00 9.169800e+00 1.375470e+01 1.833960e+01];
Bins.Stroke_Lengths_VY_CRITERION.ON_TABLET_ON_AIR.absX.Bins5.Percentils       =  [ 2.700000e-02 7.700000e-02 1.370000e-01 2.430000e-01];
Bins.Stroke_Lengths_VY_CRITERION.ON_TABLET_ON_AIR.absX.Bins5.Quantification   =  [ 3.277500e-01 1.217250e+00 4.893250e+00 1.017275e+01];
% Abs Y 
 Bins.Stroke_Lengths_VY_CRITERION.ON_TABLET_ON_AIR.absY.Bins5.Uniform          =  [ 2.853900e+00 5.707800e+00 8.561700e+00 1.141560e+01];
Bins.Stroke_Lengths_VY_CRITERION.ON_TABLET_ON_AIR.absY.Bins5.Percentils       =  [ 1.900000e-02 7.950000e-02 1.595000e-01 2.730000e-01];
Bins.Stroke_Lengths_VY_CRITERION.ON_TABLET_ON_AIR.absY.Bins5.Quantification   =  [ 1.517500e-01 4.377500e-01 1.259250e+00 3.902750e+00];
% L2 
 Bins.Stroke_Lengths_VY_CRITERION.ON_TABLET_ON_AIR.L2.Bins5.Uniform            =  [ 4.698133e+00 9.396265e+00 1.409440e+01 1.879253e+01];
Bins.Stroke_Lengths_VY_CRITERION.ON_TABLET_ON_AIR.L2.Bins5.Percentils         =  [ 4.935838e-02 1.429475e-01 2.395590e-01 3.974780e-01];
Bins.Stroke_Lengths_VY_CRITERION.ON_TABLET_ON_AIR.L2.Bins5.Quantification     =  [ 3.155881e-01 9.252953e-01 2.886855e+00 8.089787e+00];
% L1 
 Bins.Stroke_Lengths_VY_CRITERION.ON_TABLET_ON_AIR.L1.Bins5.Uniform            =  [ 6.063100e+00 1.212620e+01 1.818930e+01 2.425240e+01];
Bins.Stroke_Lengths_VY_CRITERION.ON_TABLET_ON_AIR.L1.Bins5.Percentils         =  [ 6.200000e-02 1.870000e-01 3.175000e-01 5.220000e-01];
Bins.Stroke_Lengths_VY_CRITERION.ON_TABLET_ON_AIR.L1.Bins5.Quantification     =  [ 3.452500e-01 9.622500e-01 2.727500e+00 8.752000e+00];
% Li 
 Bins.Stroke_Lengths_VY_CRITERION.ON_TABLET_ON_AIR.Li.Bins5.Uniform            =  [ 4.584900e+00 9.169800e+00 1.375470e+01 1.833960e+01];
Bins.Stroke_Lengths_VY_CRITERION.ON_TABLET_ON_AIR.Li.Bins5.Percentils         =  [ 4.450000e-02 1.235000e-01 2.055000e-01 3.475000e-01];
Bins.Stroke_Lengths_VY_CRITERION.ON_TABLET_ON_AIR.Li.Bins5.Quantification     =  [ 3.447500e-01 1.174750e+00 4.767500e+00 1.009425e+01];
% Lin 
 Bins.Stroke_Lengths_VY_CRITERION.ON_TABLET_ON_AIR.Lin.Bins5.Uniform           =  [ 2.269800e+00 4.539600e+00 6.809400e+00 9.079200e+00];
Bins.Stroke_Lengths_VY_CRITERION.ON_TABLET_ON_AIR.Lin.Bins5.Percentils        =  [ 1.250000e-02 5.000000e-02 1.015000e-01 1.760000e-01];
Bins.Stroke_Lengths_VY_CRITERION.ON_TABLET_ON_AIR.Lin.Bins5.Quantification    =  [ 1.067500e-01 3.117500e-01 8.617500e-01 2.027500e+00];
