 % Angle 
 Bins.Inclination.ON_TABLET_ON_AIR.angle_0_360.Bins5.Uniform             =  [ -1.080000e+02 -3.600000e+01 36 108];
Bins.Inclination.ON_TABLET_ON_AIR.angle_0_360.Bins5.Percentils          =  [ -9.381415e+01 -1.820270e+01 2.235002e+01 6.867146e+01];
Bins.Inclination.ON_TABLET_ON_AIR.angle_0_360.Bins5.Quantification      =  [ -1.159265e+02 -4.050920e+01 3.412420e+01 1.079266e+02];
 % Angle Absolute Value 
 Bins.Inclination.ON_TABLET_ON_AIR.angle_0_180.Bins5.Uniform             =  [ 36 72 108 144];
Bins.Inclination.ON_TABLET_ON_AIR.angle_0_180.Bins5.Percentils          =  [ 2.847438e+01 5.919222e+01 8.967468e+01 1.357973e+02];
Bins.Inclination.ON_TABLET_ON_AIR.angle_0_180.Bins5.Quantification      =  [ 3.246183e+01 6.832853e+01 1.055921e+02 1.466898e+02];
 % Angle Absolute Value 
 Bins.Inclination.ON_TABLET_ON_AIR.angle_0_90.Bins5.Uniform             =  [ 18 36 54 72];
Bins.Inclination.ON_TABLET_ON_AIR.angle_0_90.Bins5.Percentils          =  [ 1.230921e+01 3.306056e+01 5.495618e+01 7.604496e+01];
Bins.Inclination.ON_TABLET_ON_AIR.angle_0_90.Bins5.Quantification      =  [ 1.517043e+01 3.472382e+01 5.465975e+01 7.437449e+01];
