 % X 
 Bins.Normalized_Jerk.ON_TABLET_ON_AIR.X.Bins5.Uniform             =  [ 4.839618e+03 9.679236e+03 1.451885e+04 1.935847e+04];
Bins.Normalized_Jerk.ON_TABLET_ON_AIR.X.Bins5.Percentils          =  [ 2.045169e+00 3.001905e+00 4.045821e+00 8.533566e+00];
Bins.Normalized_Jerk.ON_TABLET_ON_AIR.X.Bins5.Quantification      =  [ 4.966670e+01 2.094977e+02 7.988614e+02 1.596162e+04];
% Y 
 Bins.Normalized_Jerk.ON_TABLET_ON_AIR.Y.Bins5.Uniform             =  [ 2.101969e+03 4.203938e+03 6.305907e+03 8.407875e+03];
Bins.Normalized_Jerk.ON_TABLET_ON_AIR.Y.Bins5.Percentils          =  [ 1.135781e+00 2.746216e+00 5.247306e+00 1.193015e+01];
Bins.Normalized_Jerk.ON_TABLET_ON_AIR.Y.Bins5.Quantification      =  [ 3.993277e+01 1.638120e+02 5.274455e+02 1.653798e+03];
% Abs X 
 Bins.Normalized_Jerk.ON_TABLET_ON_AIR.absX.Bins5.Uniform          =  [ 4.839618e+03 9.679236e+03 1.451885e+04 1.935847e+04];
Bins.Normalized_Jerk.ON_TABLET_ON_AIR.absX.Bins5.Percentils       =  [ 2.045169e+00 3.001905e+00 4.045821e+00 8.533566e+00];
Bins.Normalized_Jerk.ON_TABLET_ON_AIR.absX.Bins5.Quantification   =  [ 4.077615e+01 1.700015e+02 5.685802e+02 3.546691e+03];
% Abs Y 
 Bins.Normalized_Jerk.ON_TABLET_ON_AIR.absY.Bins5.Uniform          =  [ 2.101969e+03 4.203938e+03 6.305907e+03 8.407875e+03];
Bins.Normalized_Jerk.ON_TABLET_ON_AIR.absY.Bins5.Percentils       =  [ 1.135781e+00 2.746216e+00 5.247306e+00 1.193015e+01];
Bins.Normalized_Jerk.ON_TABLET_ON_AIR.absY.Bins5.Quantification   =  [ 4.092511e+01 1.661360e+02 5.317173e+02 1.660614e+03];
% L2 
 Bins.Normalized_Jerk.ON_TABLET_ON_AIR.L2.Bins5.Uniform            =  [ 4.872995e+03 9.745990e+03 1.461898e+04 1.949198e+04];
Bins.Normalized_Jerk.ON_TABLET_ON_AIR.L2.Bins5.Percentils         =  [ 3.377009e+00 4.851942e+00 7.866459e+00 1.660376e+01];
Bins.Normalized_Jerk.ON_TABLET_ON_AIR.L2.Bins5.Quantification     =  [ 5.885791e+01 2.442374e+02 9.206540e+02 5.129517e+03];
% L1 
 Bins.Normalized_Jerk.ON_TABLET_ON_AIR.L1.Bins5.Uniform            =  [ 5.408985e+03 1.081797e+04 1.622695e+04 2.163594e+04];
Bins.Normalized_Jerk.ON_TABLET_ON_AIR.L1.Bins5.Percentils         =  [ 4.259177e+00 6.377845e+00 1.000907e+01 2.067121e+01];
Bins.Normalized_Jerk.ON_TABLET_ON_AIR.L1.Bins5.Quantification     =  [ 6.234819e+01 2.518846e+02 8.401461e+02 3.160458e+03];
% Li 
 Bins.Normalized_Jerk.ON_TABLET_ON_AIR.Li.Bins5.Uniform            =  [ 4.839618e+03 9.679236e+03 1.451885e+04 1.935847e+04];
Bins.Normalized_Jerk.ON_TABLET_ON_AIR.Li.Bins5.Percentils         =  [ 2.979017e+00 4.193651e+00 7.076787e+00 1.505419e+01];
Bins.Normalized_Jerk.ON_TABLET_ON_AIR.Li.Bins5.Quantification     =  [ 5.739835e+01 2.394569e+02 9.003016e+02 5.034895e+03];
% Lin 
 Bins.Normalized_Jerk.ON_TABLET_ON_AIR.Lin.Bins5.Uniform           =  [ 1.041549e+03 2.083098e+03 3.124646e+03 4.166195e+03];
Bins.Normalized_Jerk.ON_TABLET_ON_AIR.Lin.Bins5.Percentils        =  [ 7.926802e-01 1.792843e+00 2.852957e+00 5.111013e+00];
Bins.Normalized_Jerk.ON_TABLET_ON_AIR.Lin.Bins5.Quantification    =  [ 1.240905e+01 5.688281e+01 1.767610e+02 7.291711e+02];
