 % Unidimensional 
 Bins.Upperline_Grouping.Bins4.Uniform             =  [ 1.181382e+00 2.362764e+00 3.544146e+00];
Bins.Upperline_Grouping.Bins4.Percentils          =  [ 4.443645e-02 1.286143e-01 2.738888e-01];
Bins.Upperline_Grouping.Bins4.Quantification      =  [ 1.663988e-01 4.510362e-01 9.332448e-01];
