 % Unidimensional 
 Bins.Medianline_Grouping.Bins4.Uniform             =  [ 7.353446e-01 1.470689e+00 2.206034e+00];
Bins.Medianline_Grouping.Bins4.Percentils          =  [ 4.875485e-02 1.228333e-01 2.015744e-01];
Bins.Medianline_Grouping.Bins4.Quantification      =  [ 1.057723e-01 2.374886e-01 4.699945e-01];
