 % Unidimensional 
 Bins.Azimuth.ON_AIR.Bins5.Uniform             =  [ 7.180000e+01 1.436000e+02 2.154000e+02 2.872000e+02];
Bins.Azimuth.ON_AIR.Bins5.Percentils          =  [ 126 145 159 172];
Bins.Azimuth.ON_AIR.Bins5.Quantification      =  [ 6.450000e+01 1.285000e+02 1.585000e+02 2.335000e+02];
